CA	organ_age	Age_group
42.6	44.9	[42,45)
73.5	71.9	[72,75)
57.3	49.6	[57,60)
54.5	62.3	[54,57)
72	74.5	[72,75)
60.1	66.6	[60,63)
64.3	72.5	[63,66)
52.5	52.7	[51,54)
43.7	46.8	[42,45)
66.2	73.3	[66,69)
71.9	67.7	[69,72)
45.7	53.9	[45,48)
79.8	74.5	[78,81)
78.3	77.9	[78,81)
59	52	[57,60)
54.8	52.9	[54,57)
39.5	33.4	[39,42)
68.2	68.9	[66,69)
62.8	72.6	[60,63)
39.3	41.5	[39,42)
58.4	52.6	[57,60)
34	38.9	[33,36)
47.9	40	[45,48)
36	44.3	[36,39)
41.5	36.5	[39,42)
71.3	62.8	[69,72)
50.3	46	[48,51)
24	22	[24,27)
50.1	45.2	[48,51)
51.2	46.7	[51,54)
74.7	71.5	[72,75)
49.1	52	[48,51)
74	74.6	[72,75)
49.3	50.8	[48,51)
68.4	53.8	[66,69)
62	57	[60,63)
58.9	55.2	[57,60)
28.4	33.1	[27,30)
49.4	40.1	[48,51)
35.7	49	[33,36)
79.4	74	[78,81)
32.7	33.2	[30,33)
64.6	62.8	[63,66)
29.5	35.6	[27,30)
27.6	24.2	[27,30)
61.1	67.6	[60,63)
61.4	57.9	[60,63)
70.5	72	[69,72)
31.3	29.7	[30,33)
55.3	60.5	[54,57)
52.9	54.1	[51,54)
55.2	50.1	[54,57)
57.5	56.4	[57,60)
48.1	47.4	[48,51)
41.7	45.2	[39,42)
33.3	34.9	[33,36)
47.5	40.4	[45,48)
52.7	50.4	[51,54)
61.4	59.7	[60,63)
64.9	62.3	[63,66)
32.6	31.4	[30,33)
50.4	53.9	[48,51)
49.5	39.7	[48,51)
35.3	31.5	[33,36)
69.8	76.1	[69,72)
41.3	47.7	[39,42)
49	40.1	[48,51)
63.8	76.3	[63,66)
43	39.3	[42,45)
40.6	35.4	[39,42)
66	70.4	[66,69)
71	71.3	[69,72)
27.2	26.2	[27,30)
71.6	74.6	[69,72)
55.4	49.6	[54,57)
43.3	37.8	[42,45)
27.6	37.6	[27,30)
61.7	48	[60,63)
38.4	48.2	[36,39)
83.1	73.8	[81,84)
59	65.2	[57,60)
60.2	60.2	[60,63)
72.3	63.4	[72,75)
67.1	66.1	[66,69)
77.6	70	[75,78)
70.9	70.8	[69,72)
70.3	75.9	[69,72)
68.4	69.6	[66,69)
31.9	31.7	[30,33)
69.4	72.2	[69,72)
57.7	59.8	[57,60)
43.4	47.4	[42,45)
52.9	51.1	[51,54)
52.8	52.4	[51,54)
33.6	34.7	[33,36)
73	71	[72,75)
71.1	68.8	[69,72)
53.5	56.9	[51,54)
75	65.5	[75,78)
75.3	65.3	[75,78)
37	47.9	[36,39)
44.7	45.6	[42,45)
45.5	49.3	[45,48)
55.8	55.3	[54,57)
70.2	68	[69,72)
39.6	35.9	[39,42)
61.3	66	[60,63)
60.9	58.4	[60,63)
49	48.3	[48,51)
51.5	48.9	[51,54)
39.3	45.5	[39,42)
55	54.4	[54,57)
45.5	50.3	[45,48)
65.6	67.9	[63,66)
59.1	67.3	[57,60)
48.2	45	[48,51)
68	68.4	[66,69)
76.6	71.7	[75,78)
27.4	27.8	[27,30)
66.2	68.4	[66,69)
45.6	45.8	[45,48)
19.7	26.7	[18,21)
68.5	67.8	[66,69)
33.9	44.5	[33,36)
54.8	51.8	[54,57)
37.2	36.3	[36,39)
66.6	67.3	[66,69)
64.4	70.1	[63,66)
75.4	69.7	[75,78)
43.2	41.4	[42,45)
51.1	51.1	[51,54)
25.9	31.5	[24,27)
72.3	67.4	[72,75)
77.6	74.6	[75,78)
35.8	43.1	[33,36)
70.2	73.3	[69,72)
53	51.2	[51,54)
74.4	66.7	[72,75)
45.3	41.9	[45,48)
64.7	59.8	[63,66)
53.5	58.2	[51,54)
61.6	70.1	[60,63)
75.5	77.3	[75,78)
31.1	29.5	[30,33)
40.2	38.4	[39,42)
32.9	37.4	[30,33)
36.4	33	[36,39)
63.4	66	[63,66)
64.9	70.8	[63,66)
30.4	23.9	[30,33)
61.2	58.5	[60,63)
50.7	54.5	[48,51)
67.7	61.1	[66,69)
48.6	47.7	[48,51)
38.1	32.7	[36,39)
75.3	69.2	[75,78)
39.5	43.5	[39,42)
37.8	31.6	[36,39)
63.6	63.9	[63,66)
39.2	39.5	[39,42)
38.6	34.3	[36,39)
75.6	73.3	[75,78)
44.5	40	[42,45)
31	36.2	[30,33)
30	26.2	[30,33)
60	59.6	[60,63)
39.2	44.8	[39,42)
67	66.2	[66,69)
63.5	57.3	[63,66)
73.5	73.6	[72,75)
37.6	43.2	[36,39)
41.3	38.2	[39,42)
73.5	74	[72,75)
19.9	24.4	[18,21)
53.7	51.8	[51,54)
71.4	72.7	[69,72)
64.6	76	[63,66)
72.2	70.7	[72,75)
36.7	37.5	[36,39)
75.8	71.5	[75,78)
80	73.7	[78,81)
34.5	34.8	[33,36)
56.9	46.9	[54,57)
61.6	73.8	[60,63)
69.7	64.4	[69,72)
40.1	36.6	[39,42)
59.7	61.9	[57,60)
51.9	49.2	[51,54)
43.2	46.8	[42,45)
56.9	53.2	[54,57)
34.1	37	[33,36)
56.5	67	[54,57)
50.2	51.7	[48,51)
32.9	30.3	[30,33)
56.4	53.6	[54,57)
48	53.2	[48,51)
35.4	39.2	[33,36)
40.5	48.2	[39,42)
70.9	69	[69,72)
58.9	59.8	[57,60)
65	65.2	[63,66)
51.9	54.2	[51,54)
29.8	30.5	[27,30)
31.2	37	[30,33)
40.8	49.7	[39,42)
47.5	46.1	[45,48)
69.7	71.6	[69,72)
51.7	49.8	[51,54)
34.6	31.3	[33,36)
60.3	58.2	[60,63)
40.7	45	[39,42)
65.8	67.6	[63,66)
45.5	42.8	[45,48)
49.7	45.1	[48,51)
44	50.6	[42,45)
24.7	25.1	[24,27)
47.9	52.6	[45,48)
56.3	61.2	[54,57)
33.6	28.9	[33,36)
55.4	68.3	[54,57)
47.1	56.2	[45,48)
32	23.4	[30,33)
47.5	52.1	[45,48)
72	75	[72,75)
56.9	52	[54,57)
74.7	73.6	[72,75)
54.7	55.7	[54,57)
43.1	44.2	[42,45)
47.4	59.9	[45,48)
68.3	66.5	[66,69)
20.2	24.9	[18,21)
45.7	53.9	[45,48)
70.1	71	[69,72)
28.3	32.7	[27,30)
59.8	51.6	[57,60)
31.9	30.4	[30,33)
69.1	71	[69,72)
53.5	51.5	[51,54)
45.9	39.2	[45,48)
30.8	35.5	[30,33)
61.6	66.9	[60,63)
75.3	70.6	[75,78)
46.4	49.6	[45,48)
53.1	55.5	[51,54)
56	63.7	[54,57)
62.9	57.4	[60,63)
32.9	33.7	[30,33)
44.4	43.8	[42,45)
71	68.9	[69,72)
29.4	33.3	[27,30)
58.9	51.8	[57,60)
41.2	37.1	[39,42)
35.4	35.9	[33,36)
59.2	63.4	[57,60)
50.7	46.6	[48,51)
59	50.6	[57,60)
48.2	53.9	[48,51)
80.2	69.4	[78,81)
23.7	29.9	[21,24)
37.8	29.2	[36,39)
31.7	30.7	[30,33)
58.1	66.5	[57,60)
36.7	40.1	[36,39)
59.3	65.3	[57,60)
60.7	59.9	[60,63)
68.2	66.9	[66,69)
63.5	71.8	[63,66)
60.4	57.3	[60,63)
72.3	74.7	[72,75)
56.7	65.3	[54,57)
44.1	47.4	[42,45)
76.5	78.2	[75,78)
76.7	71.4	[75,78)
47.9	42.8	[45,48)
49.4	43.8	[48,51)
59.1	64.5	[57,60)
76	78.1	[75,78)
36.4	39.8	[36,39)
60.5	65.6	[60,63)
77.2	77.1	[75,78)
32.3	35	[30,33)
73	75.7	[72,75)
23	31.9	[21,24)
36.1	31.9	[36,39)
74.7	70.7	[72,75)
30.8	30.2	[30,33)
41.4	38.1	[39,42)
51.9	55.1	[51,54)
45.9	57	[45,48)
36.8	40	[36,39)
56	60.4	[54,57)
51.5	49.3	[51,54)
58.7	56.6	[57,60)
64.1	69.8	[63,66)
68.2	68.9	[66,69)
73.9	71.1	[72,75)
26.7	29.9	[24,27)
52.8	51.4	[51,54)
74.5	67.3	[72,75)
70	69.3	[69,72)
44	46.6	[42,45)
59.2	64.8	[57,60)
34.4	41.8	[33,36)
49.4	46.5	[48,51)
63.7	65	[63,66)
40.1	45.6	[39,42)
65.3	63.9	[63,66)
73.6	71.6	[72,75)
45.9	46.7	[45,48)
56.7	57.1	[54,57)
38.8	37.2	[36,39)
37.5	44.5	[36,39)
42.2	49.3	[42,45)
55.9	45	[54,57)
55.9	52.8	[54,57)
46	50	[45,48)
45.6	46.6	[45,48)
67.4	72.4	[66,69)
63.4	63.2	[63,66)
35.6	43	[33,36)
67.3	64.3	[66,69)
65.9	65.1	[63,66)
60.6	63.5	[60,63)
29.1	23.1	[27,30)
72.5	62.7	[72,75)
39.1	33.2	[39,42)
67.8	67.3	[66,69)
41.8	48.6	[39,42)
58.9	62.6	[57,60)
32.3	34	[30,33)
46.4	52.8	[45,48)
51.8	51.5	[51,54)
52.6	66.6	[51,54)
49.4	53	[48,51)
72	71.1	[72,75)
71.2	72.4	[69,72)
66.2	70.6	[66,69)
74.3	63.5	[72,75)
44.3	40.6	[42,45)
54.9	47	[54,57)
49.1	43.4	[48,51)
59.7	55.5	[57,60)
68.3	71.9	[66,69)
65	67.9	[63,66)
64.4	62.4	[63,66)
39.9	32.1	[39,42)
75.9	69	[75,78)
43.8	60.5	[42,45)
68.3	74.2	[66,69)
47.1	47.2	[45,48)
66.1	67.7	[66,69)
62.2	63.9	[60,63)
50.8	51.1	[48,51)
39.3	38.3	[39,42)
65.8	72.9	[63,66)
72.2	69.5	[72,75)
36.9	35.2	[36,39)
63.6	61.4	[63,66)
71.6	72.2	[69,72)
76.8	69	[75,78)
76	74.8	[75,78)
69.5	65.5	[69,72)
47.5	56.2	[45,48)
71.4	72.4	[69,72)
47	41.3	[45,48)
38.5	32.9	[36,39)
61.8	60.6	[60,63)
43.7	49.3	[42,45)
36	32	[36,39)
49.6	63.9	[48,51)
30.7	29.2	[30,33)
50.6	52.8	[48,51)
65	52.1	[63,66)
66.9	67.1	[66,69)
34	39.5	[33,36)
56.1	65.7	[54,57)
31.6	33.5	[30,33)
51.6	51.3	[51,54)
67.2	71.4	[66,69)
45.9	40.9	[45,48)
57.2	53	[57,60)
21.7	17	[21,24)
67.1	66.6	[66,69)
18.2	22.6	[18,21)
28.5	23.6	[27,30)
24	26.3	[24,27)
81	75.1	[81,84)
77.1	73.3	[75,78)
46.5	51.7	[45,48)
47.5	54.5	[45,48)
34.6	35.1	[33,36)
66.8	68.4	[66,69)
67.2	68.6	[66,69)
43.3	43.2	[42,45)
29.9	29.8	[27,30)
37.4	36.1	[36,39)
41.4	49.3	[39,42)
50.9	42.1	[48,51)
36.1	41	[36,39)
44.2	44.4	[42,45)
20.4	23.5	[18,21)
29.8	29.9	[27,30)
46.7	44.3	[45,48)
39.3	40.6	[39,42)
34.7	36.1	[33,36)
41.8	33.9	[39,42)
69	70.2	[69,72)
54.9	62	[54,57)
77	69.1	[75,78)
33.7	48.1	[33,36)
72.4	71.5	[72,75)
62.1	60.2	[60,63)
45.2	42.1	[45,48)
69.1	66.3	[69,72)
35.5	31.8	[33,36)
28.9	38.5	[27,30)
51.7	55	[51,54)
46.4	40.8	[45,48)
52.5	53	[51,54)
37.2	29.2	[36,39)
59.2	65	[57,60)
60.4	53.1	[60,63)
39.1	35.4	[39,42)
49.6	51.5	[48,51)
61.1	58.5	[60,63)
40.1	38.1	[39,42)
60.1	53	[60,63)
54.2	57.7	[54,57)
24.1	22.4	[24,27)
32.4	31.9	[30,33)
34.1	37.3	[33,36)
60.4	66	[60,63)
79.8	74.2	[78,81)
35.2	37.4	[33,36)
44.3	52.3	[42,45)
64.5	67	[63,66)
43.6	60.5	[42,45)
56.7	56.3	[54,57)
26.7	24.5	[24,27)
26.6	25.6	[24,27)
67.1	67.2	[66,69)
29.7	26.5	[27,30)
31.8	36.2	[30,33)
55	58.3	[54,57)
59.6	55.3	[57,60)
40.3	42.7	[39,42)
48.9	44	[48,51)
26.5	33.8	[24,27)
54	65.1	[54,57)
30.6	31	[30,33)
63.6	70.4	[63,66)
31.4	28.5	[30,33)
32.6	30.5	[30,33)
49.6	56.4	[48,51)
62.2	62.3	[60,63)
44.9	49.8	[42,45)
69.2	66.2	[69,72)
48.3	42.5	[48,51)
60.5	58.1	[60,63)
72.9	72.3	[72,75)
34.1	37.7	[33,36)
32.1	29.2	[30,33)
66.7	69.5	[66,69)
40.6	44	[39,42)
51.7	49.1	[51,54)
44.8	42.6	[42,45)
41.1	64.8	[39,42)
69.4	71.2	[69,72)
53.1	45.6	[51,54)
32.1	32.2	[30,33)
63.6	72.4	[63,66)
63.5	76.2	[63,66)
67.4	71.8	[66,69)
36.6	42.1	[36,39)
74.2	71.7	[72,75)
54.7	64.8	[54,57)
74.2	68.8	[72,75)
54.9	52.4	[54,57)
59.9	70.3	[57,60)
22.5	23.6	[21,24)
64.2	62.2	[63,66)
45.4	40.4	[45,48)
43.3	39.6	[42,45)
43	44.6	[42,45)
46.4	50.9	[45,48)
48	52.1	[48,51)
49.7	44.9	[48,51)
29.8	33.7	[27,30)
64.4	61.6	[63,66)
62.4	65.2	[60,63)
69.1	67.7	[69,72)
45.2	52.7	[45,48)
57.8	55.5	[57,60)
51.5	55.3	[51,54)
31	37.4	[30,33)
63.4	62.8	[63,66)
42.2	37.9	[42,45)
39.8	39.5	[39,42)
79.3	70.8	[78,81)
56.6	51.2	[54,57)
67.9	65.5	[66,69)
59.2	59.4	[57,60)
69.4	73.1	[69,72)
47	51.5	[45,48)
50.6	40.4	[48,51)
77.6	71	[75,78)
52.5	52	[51,54)
39.1	30.8	[39,42)
72.9	73.2	[72,75)
44.7	40.6	[42,45)
42.8	55.7	[42,45)
71.2	73.5	[69,72)
76.6	73.8	[75,78)
55.6	67	[54,57)
44.3	45.9	[42,45)
62.3	60	[60,63)
48.5	48.6	[48,51)
35.4	36.1	[33,36)
37.5	38.5	[36,39)
72.1	76.9	[72,75)
63.7	67	[63,66)
49.2	50.3	[48,51)
70.7	69.7	[69,72)
64.3	71.7	[63,66)
61.6	71.4	[60,63)
37	40.2	[36,39)
41.3	38.3	[39,42)
34.3	39.5	[33,36)
57.6	61.6	[57,60)
63.4	65.9	[63,66)
72.2	67.9	[72,75)
46.2	40.8	[45,48)
66.9	59.8	[66,69)
32	29.8	[30,33)
29.1	36.4	[27,30)
54.1	50	[54,57)
43.6	41.4	[42,45)
54.2	48.1	[54,57)
28.7	34.8	[27,30)
51.5	56.1	[51,54)
35	30.8	[33,36)
46.3	51.5	[45,48)
63	62.3	[63,66)
45	47.2	[45,48)
36.2	40.5	[36,39)
51.4	49.9	[51,54)
38.9	26.2	[36,39)
68.3	72.9	[66,69)
32.3	43.4	[30,33)
65.8	69.7	[63,66)
72	75.1	[72,75)
46.3	41.8	[45,48)
28.4	30.3	[27,30)
42.2	40.4	[42,45)
65.1	64.7	[63,66)
44.7	47.2	[42,45)
32.1	31.7	[30,33)
28.1	33.6	[27,30)
49.5	54.8	[48,51)
76.5	75.8	[75,78)
45.1	45.5	[45,48)
46	47.2	[45,48)
47.3	42.5	[45,48)
68	62.3	[66,69)
28.6	30.1	[27,30)
38.2	30.8	[36,39)
64.4	62.1	[63,66)
72.2	67.8	[72,75)
59.1	54.7	[57,60)
29.1	36.9	[27,30)
55.2	55.6	[54,57)
46.7	63.7	[45,48)
51.8	58.1	[51,54)
55.5	51.4	[54,57)
31.8	23.5	[30,33)
68.8	74.5	[66,69)
32.9	34.3	[30,33)
70.8	74.3	[69,72)
69.8	69.2	[69,72)
35.5	34.5	[33,36)
55.1	53.9	[54,57)
70.7	66.6	[69,72)
69.4	72.9	[69,72)
37.1	43.2	[36,39)
58.3	73.4	[57,60)
53.7	47.7	[51,54)
75.1	70.5	[75,78)
48	56.3	[48,51)
53.4	51.8	[51,54)
70	69.7	[69,72)
28.2	25.8	[27,30)
44.1	49.2	[42,45)
67.4	61.2	[66,69)
68.7	67.4	[66,69)
31.7	41.7	[30,33)
48.5	49.9	[48,51)
32.9	41	[30,33)
65.1	52.1	[63,66)
36.5	32.6	[36,39)
62.4	56.6	[60,63)
46.9	50.6	[45,48)
35.3	32.7	[33,36)
42	30.7	[42,45)
41.4	37.7	[39,42)
57.2	64.8	[57,60)
71	69.9	[69,72)
66.3	65.7	[66,69)
45.4	44.3	[45,48)
49.9	54.2	[48,51)
62.3	63.4	[60,63)
51.7	43.1	[51,54)
72.4	70.2	[72,75)
27.4	37.6	[27,30)
67.3	74.8	[66,69)
27.1	34.7	[27,30)
53.9	59	[51,54)
58.4	56.2	[57,60)
54.4	54.6	[54,57)
31.3	29.7	[30,33)
28.6	35.4	[27,30)
44.3	46	[42,45)
36.2	36	[36,39)
33.9	34.1	[33,36)
61.2	66.2	[60,63)
34	35.6	[33,36)
52.7	52.9	[51,54)
58	57.6	[57,60)
75.4	64.6	[75,78)
74.8	74.7	[72,75)
29.5	26.7	[27,30)
64.5	66.7	[63,66)
48.4	48.7	[48,51)
45.1	49.1	[45,48)
23.9	29.5	[21,24)
54.8	49.9	[54,57)
43.2	48.1	[42,45)
33.2	29.3	[33,36)
49.3	41.5	[48,51)
70	72.4	[69,72)
54.2	54.3	[54,57)
60.1	63.3	[60,63)
49.2	48.7	[48,51)
31.1	27.7	[30,33)
47	55.5	[45,48)
66.7	67.9	[66,69)
46.5	41.1	[45,48)
68.1	74	[66,69)
76.7	70.3	[75,78)
52.4	56.6	[51,54)
49.9	51.7	[48,51)
63.9	71.4	[63,66)
32.5	35.3	[30,33)
31.9	28.8	[30,33)
48.7	40.7	[48,51)
46.8	41	[45,48)
71.8	68.9	[69,72)
50.9	51.3	[48,51)
50.8	51.8	[48,51)
53.9	48.8	[51,54)
48.7	54.8	[48,51)
61.4	63.7	[60,63)
47.5	47.6	[45,48)
65	60.2	[63,66)
72.2	73.8	[72,75)
68.6	70.6	[66,69)
51.4	51	[51,54)
47.6	43.1	[45,48)
45.1	41.6	[45,48)
42.5	49.1	[42,45)
52	54.1	[51,54)
61.2	62.3	[60,63)
71.2	72.8	[69,72)
64	66.3	[63,66)
42.2	34.4	[42,45)
71	66.2	[69,72)
63.1	66.3	[63,66)
31.3	34.4	[30,33)
74.9	75.8	[72,75)
36.7	39.2	[36,39)
34.2	44.3	[33,36)
67.2	72.4	[66,69)
43.7	46.5	[42,45)
42.4	46.4	[42,45)
34.8	21.6	[33,36)
64.6	54.7	[63,66)
68.9	73.4	[66,69)
35	43.1	[33,36)
49.9	46.1	[48,51)
34.2	36.8	[33,36)
61	65	[60,63)
32.4	29.9	[30,33)
63.4	67.4	[63,66)
66.4	68.1	[66,69)
47.3	49.8	[45,48)
69.2	67	[69,72)
38.2	46.3	[36,39)
35.4	40.4	[33,36)
78.4	70.6	[78,81)
72.1	73.9	[72,75)
69.8	69.7	[69,72)
61.8	54.5	[60,63)
66.4	64.6	[66,69)
54.8	65.1	[54,57)
64.7	67.8	[63,66)
63.1	65.7	[63,66)
78.6	71.1	[78,81)
52.2	52.7	[51,54)
74.7	70.3	[72,75)
54	54.7	[54,57)
66.2	67.5	[66,69)
29.4	35.9	[27,30)
42.3	47.6	[42,45)
38.7	33.1	[36,39)
37.1	38.4	[36,39)
73.9	72.5	[72,75)
67.7	65.7	[66,69)
57.1	41.4	[57,60)
51.4	45.6	[51,54)
51.3	57.8	[51,54)
36.4	26.8	[36,39)
62.9	56.6	[60,63)
67.9	73.4	[66,69)
70.1	66.9	[69,72)
41.4	41.1	[39,42)
26.5	28.7	[24,27)
59.4	67.2	[57,60)
77.1	72.4	[75,78)
32.4	30.8	[30,33)
53.3	51.1	[51,54)
52.1	56.9	[51,54)
60.6	69	[60,63)
50.5	55.5	[48,51)
43.3	56.4	[42,45)
35.1	28.4	[33,36)
59.3	55.4	[57,60)
63	77	[63,66)
60.4	60.5	[60,63)
35.5	27	[33,36)
74.4	77.9	[72,75)
34.4	33.8	[33,36)
66.1	65.1	[66,69)
50.2	53.6	[48,51)
71.1	71.6	[69,72)
64	70	[63,66)
55.4	59.5	[54,57)
71.2	74.6	[69,72)
58.1	67.1	[57,60)
60.8	66.3	[60,63)
68.3	72.8	[66,69)
74	72.8	[72,75)
44.2	41.3	[42,45)
60.6	65.1	[60,63)
34.6	34.5	[33,36)
44.7	42.1	[42,45)
70.3	69.8	[69,72)
47.9	54	[45,48)
71.6	71	[69,72)
72.6	72.5	[72,75)
75.5	71.6	[75,78)
73	71.8	[72,75)
61.9	67	[60,63)
38	34.2	[36,39)
48.6	55.3	[48,51)
35.1	33.2	[33,36)
61.8	64.2	[60,63)
34.8	35.9	[33,36)
39	42.4	[39,42)
54.5	56.8	[54,57)
60	51.4	[60,63)
53.6	67	[51,54)
50.2	53.1	[48,51)
61.1	57.5	[60,63)
75.9	68.9	[75,78)
50.7	54.3	[48,51)
32.3	36.5	[30,33)
30.9	38.4	[30,33)
49.8	55.3	[48,51)
66.2	63.6	[66,69)
26.1	28	[24,27)
37.9	34	[36,39)
70.3	70.9	[69,72)
53.1	37.2	[51,54)
60.9	69.7	[60,63)
67.5	65	[66,69)
59.8	56.4	[57,60)
73.5	71.5	[72,75)
57.3	51.4	[57,60)
77.3	75.4	[75,78)
50.8	47	[48,51)
42.4	51.1	[42,45)
66.4	68.6	[66,69)
72.1	71.4	[72,75)
82.1	76.7	[81,84)
69.3	73.6	[69,72)
29.4	31	[27,30)
34.9	34.8	[33,36)
50.5	48.7	[48,51)
64.6	66.1	[63,66)
55.2	54.2	[54,57)
57.4	60.8	[57,60)
50.1	42.6	[48,51)
76.5	65.9	[75,78)
46.6	36	[45,48)
56.3	48.8	[54,57)
36	44.1	[36,39)
66.4	58	[66,69)
36	38.9	[36,39)
33.2	38	[33,36)
38.4	37.2	[36,39)
59.3	56.3	[57,60)
51.4	44.3	[51,54)
44.2	51.8	[42,45)
63.1	66.2	[63,66)
55.1	56.1	[54,57)
37.5	38.5	[36,39)
29.3	30.9	[27,30)
42.3	48.1	[42,45)
45.7	54.9	[45,48)
61.5	56.2	[60,63)
72.1	63.8	[72,75)
74.9	75.5	[72,75)
39.8	38.3	[39,42)
46	44.3	[45,48)
56.6	61.8	[54,57)
66.8	60.4	[66,69)
38.3	35	[36,39)
49	45.3	[48,51)
21.8	21	[21,24)
60.7	56	[60,63)
50.4	49.9	[48,51)
43.4	38.2	[42,45)
67.3	73.3	[66,69)
63.2	65.7	[63,66)
59	50.7	[57,60)
55.5	54.5	[54,57)
65.2	75.1	[63,66)
40.3	45.3	[39,42)
58.1	55.2	[57,60)
54.7	54.6	[54,57)
53.7	57.8	[51,54)
45.6	46.5	[45,48)
37.4	38.8	[36,39)
21.5	24.5	[21,24)
32.2	34.9	[30,33)
49.2	47.2	[48,51)
31.2	37.1	[30,33)
56	46	[54,57)
64.5	70.3	[63,66)
48	52.6	[48,51)
48.2	50.9	[48,51)
42.1	45.5	[42,45)
71.9	73.3	[69,72)
29.5	34.4	[27,30)
74.6	68.1	[72,75)
43.3	41.6	[42,45)
68.7	52.6	[66,69)
65.6	55.6	[63,66)
33.5	29.5	[33,36)
37.1	68.4	[36,39)
44.2	46.3	[42,45)
62.9	61.9	[60,63)
66.8	64.3	[66,69)
27.7	29	[27,30)
63.3	70.9	[63,66)
65.5	65.3	[63,66)
53.8	53.6	[51,54)
44.2	57.2	[42,45)
39.7	45.8	[39,42)
41.9	49.1	[39,42)
46.8	54.4	[45,48)
36.1	31.7	[36,39)
38.1	36.1	[36,39)
63.8	69	[63,66)
41.7	44.2	[39,42)
77.4	74.4	[75,78)
55.1	53.3	[54,57)
34.5	36	[33,36)
68.7	69.2	[66,69)
69.8	72.6	[69,72)
51.6	45.5	[51,54)
36.5	39.8	[36,39)
65	64.2	[63,66)
35	30.5	[33,36)
41.6	46.3	[39,42)
45.6	44.6	[45,48)
54.7	53.2	[54,57)
79.1	73.3	[78,81)
42.6	45.3	[42,45)
50.8	55.5	[48,51)
79.8	70	[78,81)
40.6	45	[39,42)
58.1	66.8	[57,60)
51.8	46.1	[51,54)
69.1	65.7	[69,72)
71.7	66.5	[69,72)
63.4	67.2	[63,66)
36.5	41.9	[36,39)
49.7	48.1	[48,51)
57.1	57.5	[57,60)
55.5	59.3	[54,57)
57.8	61.6	[57,60)
39.4	39	[39,42)
63.4	60.2	[63,66)
57.6	65.9	[57,60)
45.6	31	[45,48)
71.2	76.5	[69,72)
45.8	51.8	[45,48)
74	69.6	[72,75)
37.7	44	[36,39)
51.7	48.3	[51,54)
46.3	41.8	[45,48)
48.4	51.6	[48,51)
72.2	73.4	[72,75)
53.6	47.1	[51,54)
48.9	45.2	[48,51)
60.7	69.1	[60,63)
51.6	51.9	[51,54)
62.9	63.1	[60,63)
38.9	30.6	[36,39)
60.2	62	[60,63)
62.3	69.1	[60,63)
50.1	50.8	[48,51)
40.2	38.6	[39,42)
40.2	33.9	[39,42)
62.2	66.4	[60,63)
26.5	25.8	[24,27)
37	32.9	[36,39)
72.9	71	[72,75)
33.6	34.2	[33,36)
56.5	47.3	[54,57)
29.9	40	[27,30)
65.1	63.2	[63,66)
45.5	45.6	[45,48)
44.8	46.5	[42,45)
81.4	71.1	[81,84)
40.8	47.3	[39,42)
69.8	75.1	[69,72)
51.6	48.2	[51,54)
54.5	53.1	[54,57)
69.4	71.4	[69,72)
76.4	73.8	[75,78)
65.3	65.6	[63,66)
49.5	54.9	[48,51)
49.1	50.1	[48,51)
50.4	47.4	[48,51)
62.1	56.3	[60,63)
52.3	54.5	[51,54)
54.7	54.5	[54,57)
54.9	50.1	[54,57)
36.2	29.3	[36,39)
47.1	41.6	[45,48)
63.4	70.7	[63,66)
51.1	56.2	[51,54)
33	35.9	[33,36)
76.5	70.9	[75,78)
55.3	66	[54,57)
66.7	57.3	[66,69)
61.6	66	[60,63)
72.2	73.1	[72,75)
77.4	74.6	[75,78)
63.2	67.6	[63,66)
72	70.7	[72,75)
33.8	33.9	[33,36)
68.4	65.2	[66,69)
39.4	45.3	[39,42)
42.6	42.1	[42,45)
35	39.9	[33,36)
42	63.1	[42,45)
72.6	79.1	[72,75)
58.9	49.7	[57,60)
56.8	60.6	[54,57)
47.1	39.5	[45,48)
67.6	71.1	[66,69)
57.6	59.2	[57,60)
53.4	51.5	[51,54)
59.9	73.1	[57,60)
51.1	50.3	[51,54)
40.3	45.6	[39,42)
36.2	45	[36,39)
35.6	25.8	[33,36)
40.7	47.4	[39,42)
47.2	45.9	[45,48)
51.8	61	[51,54)
27.5	43.4	[27,30)
62	61.6	[60,63)
26.3	32.3	[24,27)
62.4	65.7	[60,63)
70.6	60.7	[69,72)
62.5	70.5	[60,63)
71.8	71.8	[69,72)
67	72.7	[66,69)
36.1	31.4	[36,39)
44.5	47.8	[42,45)
24.2	22.4	[24,27)
49.3	43.1	[48,51)
36.2	32.7	[36,39)
59.4	62.4	[57,60)
40.9	31.5	[39,42)
61.9	66.4	[60,63)
45.7	47.6	[45,48)
35.3	28.1	[33,36)
77.5	72.5	[75,78)
39.2	37.6	[39,42)
51.6	62.7	[51,54)
70.5	68.5	[69,72)
30.1	36.6	[30,33)
68.5	71.8	[66,69)
80.6	81.7	[78,81)
44.3	51.8	[42,45)
65.1	53.5	[63,66)
44.8	52.2	[42,45)
31	31	[30,33)
69.2	69.3	[69,72)
65.3	69	[63,66)
33.3	38.1	[33,36)
33.2	35	[33,36)
53.2	53.9	[51,54)
68.5	71.2	[66,69)
70.3	68.5	[69,72)
68.5	70.6	[66,69)
38	32.5	[36,39)
33.6	40.2	[33,36)
54.2	51.8	[54,57)
58.6	70.1	[57,60)
55	56.8	[54,57)
74.7	75.4	[72,75)
19	28.6	[18,21)
53.8	50.7	[51,54)
42.3	44.1	[42,45)
51.1	48.3	[51,54)
69.9	67.4	[69,72)
39.5	44.3	[39,42)
47.8	46.6	[45,48)
38.3	47.6	[36,39)
59.1	54.2	[57,60)
50.2	47	[48,51)
72.7	67.5	[72,75)
40.6	41.5	[39,42)
49.8	50.2	[48,51)
47.4	50.1	[45,48)
39.8	32.4	[39,42)
27.7	33.4	[27,30)
34.7	34.5	[33,36)
49.3	47	[48,51)
47	50.8	[45,48)
50	50.4	[48,51)
42.9	42.5	[42,45)
67.4	73.2	[66,69)
67.1	74.8	[66,69)
19.7	20.6	[18,21)
55.8	57.1	[54,57)
47.8	52.7	[45,48)
52.7	52.2	[51,54)
62.3	69.2	[60,63)
46.7	54.7	[45,48)
60.8	58.2	[60,63)
37.5	36.2	[36,39)
36.4	48.8	[36,39)
42.9	41.2	[42,45)
43.6	45	[42,45)
70.4	74.2	[69,72)
42.6	43.5	[42,45)
66.7	68.5	[66,69)
66.1	58.4	[66,69)
44.8	44.2	[42,45)
54.6	60.9	[54,57)
32.2	43.3	[30,33)
59.5	51.8	[57,60)
67	65.2	[66,69)
50.4	50.2	[48,51)
52.2	36.7	[51,54)
34.5	38.6	[33,36)
68.3	67.4	[66,69)
50	37.7	[48,51)
31.7	25.6	[30,33)
69.7	70.7	[69,72)
18.3	18.7	[18,21)
44.4	45.6	[42,45)
31.5	43.9	[30,33)
54.4	48.2	[54,57)
60.2	59	[60,63)
54.4	58.1	[54,57)
53.3	55.1	[51,54)
55.4	61.1	[54,57)
63.2	62.1	[63,66)
64.2	56	[63,66)
65.2	64.7	[63,66)
50.6	50	[48,51)
56.7	58.2	[54,57)
32.7	39.3	[30,33)
34.3	32.1	[33,36)
63.4	57.2	[63,66)
66.4	71.2	[66,69)
23	25.6	[21,24)
71.8	73.4	[69,72)
47.2	49.8	[45,48)
35.4	37.5	[33,36)
67.9	70.7	[66,69)
37.3	39.7	[36,39)
69.9	65.2	[69,72)
69.5	70.4	[69,72)
52.8	53	[51,54)
52.8	59	[51,54)
55.6	52.4	[54,57)
31.2	32.8	[30,33)
64.6	71.4	[63,66)
36.9	36.1	[36,39)
67.8	66.5	[66,69)
35.9	37.7	[33,36)
69.7	66.5	[69,72)
47	50.8	[45,48)
65.9	68.2	[63,66)
61.5	54.6	[60,63)
65.8	71.6	[63,66)
35.2	36.7	[33,36)
31.5	27.8	[30,33)
41.2	42.3	[39,42)
56	53	[54,57)
42.1	42.2	[42,45)
49.2	41.6	[48,51)
72.9	72.3	[72,75)
65.7	61.6	[63,66)
56.7	52.3	[54,57)
34.4	29.2	[33,36)
68.9	66.8	[66,69)
35.1	35.1	[33,36)
47.9	48.2	[45,48)
47.7	54	[45,48)
48.5	48.1	[48,51)
68.1	69.8	[66,69)
36	37	[36,39)
45.5	45.7	[45,48)
56.9	53.6	[54,57)
32.7	35.3	[30,33)
43.7	40.5	[42,45)
43.7	42.6	[42,45)
63.2	69.4	[63,66)
36.5	40.6	[36,39)
41.9	46.3	[39,42)
69	72.7	[69,72)
65.9	61.9	[63,66)
54.4	51.1	[54,57)
82.5	78	[81,84)
57.4	61.9	[57,60)
46	57.8	[45,48)
39.6	42	[39,42)
28.7	35.3	[27,30)
25.8	29.7	[24,27)
42.4	35.6	[42,45)
44.6	48.7	[42,45)
47	41.8	[45,48)
69.8	69.1	[69,72)
34	30.8	[33,36)
44.5	51.7	[42,45)
43.3	31.9	[42,45)
30.9	28.3	[30,33)
64.1	70.8	[63,66)
38.6	25.8	[36,39)
42.8	48.2	[42,45)
53.9	49.2	[51,54)
63.4	69.3	[63,66)
73.6	68.5	[72,75)
46	53.8	[45,48)
57.1	55.2	[57,60)
60.9	53.5	[60,63)
45.6	43.5	[45,48)
49.8	61.4	[48,51)
46.9	54.9	[45,48)
53.9	46.6	[51,54)
52.3	54.4	[51,54)
36.5	35.2	[36,39)
52.1	59.8	[51,54)
74.4	72.2	[72,75)
22.8	26.3	[21,24)
46	45.8	[45,48)
49.9	57.4	[48,51)
41.1	33.5	[39,42)
57.5	72	[57,60)
53	50.1	[51,54)
26.3	27.3	[24,27)
46	40.7	[45,48)
42	45.4	[42,45)
45.4	43.6	[45,48)
38.4	36.1	[36,39)
55.9	50.9	[54,57)
39	34.1	[39,42)
46.7	38.5	[45,48)
61.4	68	[60,63)
74.1	73	[72,75)
29	40.6	[27,30)
34.6	31.3	[33,36)
42.1	29.9	[42,45)
76.6	75.3	[75,78)
59.5	56.9	[57,60)
34	46.6	[33,36)
69.4	64.7	[69,72)
58.2	63.9	[57,60)
52	54.8	[51,54)
46.3	43.3	[45,48)
77.5	71.6	[75,78)
47.6	46.3	[45,48)
42.5	41.2	[42,45)
44.9	50.6	[42,45)
45.7	39.5	[45,48)
58.6	51.4	[57,60)
63.3	70.2	[63,66)
51.9	48.7	[51,54)
69.4	68.9	[69,72)
25.9	24	[24,27)
54.2	49.7	[54,57)
69.4	69.8	[69,72)
39.3	34.2	[39,42)
41.7	42.6	[39,42)
66.5	65.1	[66,69)
52.1	43.4	[51,54)
49.8	66.6	[48,51)
55.5	51.5	[54,57)
39.4	40.1	[39,42)
56	55	[54,57)
49.2	55.2	[48,51)
59.6	53.9	[57,60)
64.7	72	[63,66)
72.2	69.3	[72,75)
38.2	43.1	[36,39)
51.4	51	[51,54)
55	48	[54,57)
68.9	73.3	[66,69)
66.4	70.4	[66,69)
23	30.5	[21,24)
76	74.1	[75,78)
60.8	68.1	[60,63)
44.1	41.6	[42,45)
43.5	38.8	[42,45)
66.1	63.7	[66,69)
66.2	68.8	[66,69)
41.6	45.6	[39,42)
67.1	67.3	[66,69)
34.3	39.9	[33,36)
74.7	74.4	[72,75)
34	39.7	[33,36)
59.1	66.6	[57,60)
37.1	33.3	[36,39)
62.6	66.4	[60,63)
45	47.3	[45,48)
30	35.3	[30,33)
65.8	64.4	[63,66)
37.8	39.6	[36,39)
47.5	37.6	[45,48)
43.8	42.3	[42,45)
29.7	33.4	[27,30)
36.2	38.5	[36,39)
50.4	50	[48,51)
54	48.7	[54,57)
37.9	37.8	[36,39)
48.1	57.1	[48,51)
24.5	26.8	[24,27)
82.7	67.2	[81,84)
70.4	73.3	[69,72)
61.7	56.2	[60,63)
53.3	51.2	[51,54)
40.3	35.1	[39,42)
32.4	40.1	[30,33)
44.2	47.9	[42,45)
46.9	45.4	[45,48)
59.4	60.3	[57,60)
78.7	72.9	[78,81)
42.5	47.7	[42,45)
43.8	56.2	[42,45)
41.9	40.5	[39,42)
62.5	57.9	[60,63)
76.8	76.9	[75,78)
46	45.5	[45,48)
34.3	32.5	[33,36)
60.6	65	[60,63)
70.8	75.2	[69,72)
65.9	70.4	[63,66)
64.1	56.6	[63,66)
35.1	32.4	[33,36)
40.7	39.2	[39,42)
75.2	70.7	[75,78)
64.4	48.9	[63,66)
30	30.2	[30,33)
59.4	59.2	[57,60)
40.6	42.3	[39,42)
61.3	68.1	[60,63)
61	65.6	[60,63)
66.1	68.2	[66,69)
57.3	49.8	[57,60)
60.2	65.9	[60,63)
60.9	62.4	[60,63)
27.2	32.9	[27,30)
44.6	37.9	[42,45)
73.7	64.2	[72,75)
41.2	46.9	[39,42)
40.7	31.5	[39,42)
66.4	69.2	[66,69)
50.6	52.7	[48,51)
46.9	47.4	[45,48)
81.4	74	[81,84)
26.9	24.1	[24,27)
44.9	40.1	[42,45)
49	40.4	[48,51)
60.8	54.5	[60,63)
54.1	54.8	[54,57)
44.4	41.9	[42,45)
50.2	55.9	[48,51)
43	38.2	[42,45)
34.7	29.3	[33,36)
31.5	34.2	[30,33)
69.6	70	[69,72)
47.7	54.5	[45,48)
57.4	47.2	[57,60)
40.3	47.7	[39,42)
58.1	63.3	[57,60)
63.6	65.7	[63,66)
34.2	35.3	[33,36)
33.8	29.7	[33,36)
55.9	51	[54,57)
24.6	36.8	[24,27)
70.3	65.7	[69,72)
58.7	60.5	[57,60)
47	51.3	[45,48)
52.4	32.7	[51,54)
40.9	53.1	[39,42)
49.2	48.6	[48,51)
52.5	53.8	[51,54)
69.1	74.6	[69,72)
55.8	54.2	[54,57)
66.8	72.1	[66,69)
70.5	72.3	[69,72)
31.3	33.5	[30,33)
46.7	54	[45,48)
67	76.6	[66,69)
65.2	65	[63,66)
50.9	47.4	[48,51)
72.2	73.1	[72,75)
44.7	45.1	[42,45)
46.3	44.9	[45,48)
53.5	46.7	[51,54)
31.3	33.6	[30,33)
58.6	56.8	[57,60)
64.6	74.3	[63,66)
39.7	52.6	[39,42)
67.2	76.4	[66,69)
63.5	70.3	[63,66)
49.2	44.6	[48,51)
51.7	61.5	[51,54)
65.1	64.6	[63,66)
31.2	32.8	[30,33)
78.3	74.7	[78,81)
72.4	78.3	[72,75)
62.5	63.8	[60,63)
55.7	54.7	[54,57)
64.8	65.1	[63,66)
63.3	74.5	[63,66)
48.9	50.1	[48,51)
48	46.4	[48,51)
39.1	43.5	[39,42)
40.2	49	[39,42)
27.7	25.4	[27,30)
49.3	50.8	[48,51)
32.2	31.3	[30,33)
67.7	72	[66,69)
49.6	49.4	[48,51)
59.2	65	[57,60)
71.5	71.1	[69,72)
59.7	65.2	[57,60)
55	63.3	[54,57)
42.4	42.8	[42,45)
42.2	36.1	[42,45)
55.4	47.9	[54,57)
26.5	25.3	[24,27)
54.6	42.2	[54,57)
45.5	39	[45,48)
46.9	50.8	[45,48)
60.8	54.6	[60,63)
73.6	70.2	[72,75)
41.5	50.4	[39,42)
38.1	44.9	[36,39)
50	50	[48,51)
52.6	58.5	[51,54)
67.6	75.5	[66,69)
77	68.8	[75,78)
47.9	54.7	[45,48)
30.8	33.9	[30,33)
61.1	56.3	[60,63)
59.4	61.8	[57,60)
30.9	31.1	[30,33)
57.4	58	[57,60)
51.8	65.1	[51,54)
80	70.5	[78,81)
62.3	60.6	[60,63)
66.9	64.4	[66,69)
60.9	56.7	[60,63)
73.9	68.2	[72,75)
45	41.2	[45,48)
64.9	65.1	[63,66)
65.7	60.5	[63,66)
47.9	51.6	[45,48)
56.9	46	[54,57)
54.1	54.4	[54,57)
41.5	50.1	[39,42)
71.8	75.3	[69,72)
49.7	52.7	[48,51)
70.9	71.6	[69,72)
77.2	78	[75,78)
50.5	54.7	[48,51)
60.6	65.3	[60,63)
61.7	63.5	[60,63)
36	32.1	[36,39)
56.4	61.4	[54,57)
61.5	57	[60,63)
64.2	67.1	[63,66)
68.1	62.4	[66,69)
79.9	72.9	[78,81)
65	63.2	[63,66)
69.6	66.6	[69,72)
40.7	36.9	[39,42)
50	46.7	[48,51)
31	38	[30,33)
61.1	70.3	[60,63)
55.5	56.4	[54,57)
55.8	50.6	[54,57)
60.8	61.4	[60,63)
47.1	41.9	[45,48)
47.8	40.7	[45,48)
64.6	74.7	[63,66)
47.4	51.3	[45,48)
65.4	68.7	[63,66)
52.1	40.8	[51,54)
57.5	56.8	[57,60)
50.7	47.3	[48,51)
34.9	25.7	[33,36)
36.2	33.5	[36,39)
60.7	59.2	[60,63)
63	62	[63,66)
65.6	73.1	[63,66)
49.9	57.4	[48,51)
41.5	41.3	[39,42)
68.6	69.9	[66,69)
57.5	61.4	[57,60)
39.5	39.6	[39,42)
45.4	39.5	[45,48)
47.9	40.6	[45,48)
31.9	28.3	[30,33)
77.1	68.7	[75,78)
65.5	57.8	[63,66)
45	49.3	[45,48)
31	36	[30,33)
42.2	46.3	[42,45)
35.1	32.4	[33,36)
56.2	54.1	[54,57)
67.7	65	[66,69)
31.8	27.3	[30,33)
33.4	35.2	[33,36)
71.6	74.9	[69,72)
54.5	39.7	[54,57)
44.9	40.4	[42,45)
39.9	31.1	[39,42)
71.7	69.5	[69,72)
46	47.7	[45,48)
69.8	69.8	[69,72)
42.5	49.3	[42,45)
37.8	34.5	[36,39)
48.7	50.5	[48,51)
63.4	63.9	[63,66)
57.1	56.6	[57,60)
27.6	24	[27,30)
21.7	24.4	[21,24)
69.7	74.9	[69,72)
43.5	39.3	[42,45)
49.6	49.4	[48,51)
23.1	25.4	[21,24)
58.8	51.9	[57,60)
31.3	28	[30,33)
50.2	45.2	[48,51)
64	70.5	[63,66)
72	71.5	[72,75)
68.2	63.2	[66,69)
63.5	64.5	[63,66)
53.5	48.5	[51,54)
27.8	40.3	[27,30)
26.9	22.1	[24,27)
64.8	64.7	[63,66)
70	74.4	[69,72)
65.6	60.4	[63,66)
55.4	50.4	[54,57)
68.1	66.8	[66,69)
69.3	68	[69,72)
30.9	30.6	[30,33)
40.3	36.4	[39,42)
65.7	61.5	[63,66)
64.9	62.9	[63,66)
35.2	36.2	[33,36)
45	40.4	[45,48)
23.5	22.4	[21,24)
69.5	70.6	[69,72)
70.7	71.9	[69,72)
44.9	45.8	[42,45)
63	62.8	[63,66)
61.5	59.9	[60,63)
48.2	42.2	[48,51)
56.9	56.4	[54,57)
46	43.4	[45,48)
45.6	35.2	[45,48)
43.4	47.3	[42,45)
53	48	[51,54)
53.9	57.7	[51,54)
54.5	66.7	[54,57)
65.5	67.5	[63,66)
48.3	43.5	[48,51)
61.4	66.6	[60,63)
53.7	49.2	[51,54)
62.8	74	[60,63)
62.7	59	[60,63)
44.3	49.9	[42,45)
32.7	32	[30,33)
45.5	40.1	[45,48)
41.3	34.2	[39,42)
64.1	59.8	[63,66)
55.5	58.8	[54,57)
39	47.9	[39,42)
64.8	61.6	[63,66)
46.9	45.7	[45,48)
40.8	47.9	[39,42)
47.1	49.1	[45,48)
65.8	66.8	[63,66)
52.2	50	[51,54)
44	45.1	[42,45)
62.9	62.5	[60,63)
74.2	76.3	[72,75)
72.2	72	[72,75)
48.2	49.2	[48,51)
54.6	54.8	[54,57)
34.5	42	[33,36)
60.4	61.4	[60,63)
67.7	60.7	[66,69)
49.8	59.7	[48,51)
54.5	52.5	[54,57)
66	68.8	[66,69)
66.8	68.7	[66,69)
50.9	52	[48,51)
73.3	74.1	[72,75)
36.7	31.5	[36,39)
66.5	68	[66,69)
55	50	[54,57)
70.1	77.4	[69,72)
30.7	39.9	[30,33)
30.9	28.9	[30,33)
48.2	43.5	[48,51)
55.4	49.2	[54,57)
41.9	44.6	[39,42)
49.5	56.5	[48,51)
61.1	43.3	[60,63)
53.8	47	[51,54)
73.4	68.4	[72,75)
72.8	65.6	[72,75)
31.9	31.7	[30,33)
51.2	48.8	[51,54)
27.9	26.8	[27,30)
56.2	53.8	[54,57)
47	47.5	[45,48)
80.3	75.4	[78,81)
44.4	46.2	[42,45)
65.9	65.8	[63,66)
76.3	73.9	[75,78)
57.7	52.4	[57,60)
19.9	22	[18,21)
37.6	34.7	[36,39)
51.7	54.5	[51,54)
39.9	32.3	[39,42)
30.9	33.2	[30,33)
48.9	56.4	[48,51)
40.3	37.4	[39,42)
65.7	70.2	[63,66)
66.8	73.3	[66,69)
38.8	33	[36,39)
39.3	34.7	[39,42)
43.1	48.2	[42,45)
42.4	39.6	[42,45)
64.4	70.3	[63,66)
64.6	62.9	[63,66)
66.5	75.2	[66,69)
49	43.4	[48,51)
62.3	62.6	[60,63)
69.2	68.8	[69,72)
58.5	52.8	[57,60)
25.5	26.6	[24,27)
49.1	49.7	[48,51)
39.2	31.3	[39,42)
47.2	42.3	[45,48)
26.4	34.1	[24,27)
60.3	64.6	[60,63)
38.6	44.8	[36,39)
42.2	43.7	[42,45)
29.4	33.2	[27,30)
37.7	39.5	[36,39)
73.2	68.6	[72,75)
46.3	50.1	[45,48)
46	45.6	[45,48)
67	63.7	[66,69)
39.4	40.9	[39,42)
63.7	66.2	[63,66)
42.8	47.7	[42,45)
51.2	56	[51,54)
48.5	42.7	[48,51)
30.2	30.9	[30,33)
68.3	72.2	[66,69)
67.2	71.3	[66,69)
52.4	73.9	[51,54)
49.8	43.4	[48,51)
76	74.5	[75,78)
61.4	57.1	[60,63)
51.3	51	[51,54)
67.6	72.6	[66,69)
65.3	61.3	[63,66)
50.8	52.5	[48,51)
50.2	56.3	[48,51)
26.9	32.8	[24,27)
63.7	60.3	[63,66)
68.2	70.1	[66,69)
28.1	28.3	[27,30)
62.6	62.2	[60,63)
31.5	38.2	[30,33)
56.5	49.7	[54,57)
64.4	67.6	[63,66)
52.3	68.1	[51,54)
57.5	63	[57,60)
73.7	62.5	[72,75)
18.9	28.2	[18,21)
52.2	49.3	[51,54)
38.6	33.5	[36,39)
45.6	37.8	[45,48)
46.2	48.5	[45,48)
69.8	68.8	[69,72)
67.7	68	[66,69)
58	56.1	[57,60)
40.5	31.2	[39,42)
36	34.4	[36,39)
68.8	71.9	[66,69)
56.1	65.1	[54,57)
60.3	72.2	[60,63)
50.8	52.3	[48,51)
46	53.8	[45,48)
52.7	57.6	[51,54)
39.3	38.3	[39,42)
51.1	43.2	[51,54)
63.3	68.4	[63,66)
49.6	50.2	[48,51)
34.8	29.6	[33,36)
45.1	40.3	[45,48)
47.6	54.8	[45,48)
43	47.7	[42,45)
38.6	44.3	[36,39)
27.7	32.6	[27,30)
42.4	42.6	[42,45)
49	52.9	[48,51)
60.2	71.5	[60,63)
54.7	52	[54,57)
47.2	36.6	[45,48)
69.5	74.4	[69,72)
61.2	60.2	[60,63)
47.2	50.2	[45,48)
44.7	43.3	[42,45)
73.3	71.2	[72,75)
26.1	22.1	[24,27)
52.1	53	[51,54)
59.2	73.8	[57,60)
67.5	70.1	[66,69)
65.6	68	[63,66)
39.9	48.1	[39,42)
43.3	42.7	[42,45)
63.2	65.3	[63,66)
63.1	72.4	[63,66)
47.1	40.4	[45,48)
49.4	48.5	[48,51)
59.6	59	[57,60)
64.6	68.9	[63,66)
27.2	28	[27,30)
51.8	57.8	[51,54)
44.8	39.8	[42,45)
68.2	72.3	[66,69)
55.9	49.3	[54,57)
44.6	44.9	[42,45)
37.5	46.1	[36,39)
38.5	37.6	[36,39)
67.1	67.2	[66,69)
64.6	71.3	[63,66)
35.2	25	[33,36)
80.1	75.6	[78,81)
40.3	39	[39,42)
67.5	72.4	[66,69)
46.8	45.8	[45,48)
50.2	53	[48,51)
32.2	37.5	[30,33)
34.2	30.7	[33,36)
43.3	37	[42,45)
25.9	29.9	[24,27)
66.5	71.2	[66,69)
72.4	68.8	[72,75)
63.6	70.9	[63,66)
56.3	51.3	[54,57)
59.7	62.5	[57,60)
74.7	72.1	[72,75)
41.8	45	[39,42)
77.9	69.1	[75,78)
71.5	67.4	[69,72)
47.1	43	[45,48)
64.5	67	[63,66)
30.3	35.4	[30,33)
49.4	54.9	[48,51)
68.8	67.9	[66,69)
44.6	42.6	[42,45)
59.1	61.2	[57,60)
51.8	47.1	[51,54)
34.3	33.6	[33,36)
43.9	48.7	[42,45)
35.5	33.5	[33,36)
31.4	27.5	[30,33)
62.8	50.5	[60,63)
73.5	66.4	[72,75)
74.9	69.2	[72,75)
51.8	50.2	[51,54)
52.2	49.5	[51,54)
37.8	40.1	[36,39)
45.6	45.9	[45,48)
57.3	63.7	[57,60)
54.8	52	[54,57)
45	35.4	[45,48)
64.2	68.6	[63,66)
37.5	34.7	[36,39)
18.8	23.9	[18,21)
24.7	31.5	[24,27)
42.1	47.9	[42,45)
65.6	70.5	[63,66)
68.8	60	[66,69)
31.9	30	[30,33)
49.5	44.9	[48,51)
68.8	56.5	[66,69)
46.1	47.2	[45,48)
34.8	37.9	[33,36)
50.8	56	[48,51)
68.1	69.2	[66,69)
46.5	47.9	[45,48)
59.2	57.7	[57,60)
29.6	35	[27,30)
59.2	55	[57,60)
63.1	70.1	[63,66)
69.2	68.4	[69,72)
69.4	66.1	[69,72)
61.8	75.8	[60,63)
47.4	46.1	[45,48)
22.4	30	[21,24)
79.2	69	[78,81)
59.3	61.6	[57,60)
43.8	43.6	[42,45)
59.3	65.1	[57,60)
72.7	76.4	[72,75)
69.5	66.8	[69,72)
62.3	65.8	[60,63)
55.2	50.8	[54,57)
36.5	33.7	[36,39)
27.5	27.3	[27,30)
60	47.9	[60,63)
61.6	68.2	[60,63)
70.5	68.3	[69,72)
72.8	74.6	[72,75)
61.3	55.4	[60,63)
70.6	75.3	[69,72)
65.7	66	[63,66)
69.1	65.8	[69,72)
53.4	55.2	[51,54)
63	68.3	[63,66)
44	47.5	[42,45)
53.6	55.6	[51,54)
38.9	32.8	[36,39)
48.2	39.7	[48,51)
52.7	55.8	[51,54)
69.1	71	[69,72)
30.6	34.4	[30,33)
49.8	40.9	[48,51)
67	75.7	[66,69)
28.5	30.3	[27,30)
69.8	70.3	[69,72)
66.3	64.6	[66,69)
70.4	69.5	[69,72)
39.1	41	[39,42)
49.8	46.3	[48,51)
55.6	61.2	[54,57)
46.6	49.1	[45,48)
51.3	52.5	[51,54)
42.6	39.6	[42,45)
70.7	66	[69,72)
29.6	29.5	[27,30)
69.5	72.8	[69,72)
55.7	47.9	[54,57)
73.7	68.6	[72,75)
57.7	62.7	[57,60)
56.9	55.5	[54,57)
53.1	50.2	[51,54)
48.1	45.6	[48,51)
47.1	50	[45,48)
51.6	47.4	[51,54)
71.7	72.6	[69,72)
46.2	48.3	[45,48)
40.3	40.2	[39,42)
40	50.7	[39,42)
41.1	49.2	[39,42)
30.5	32.6	[30,33)
39.8	51.1	[39,42)
76.6	69.4	[75,78)
38.6	36.4	[36,39)
62.7	60.7	[60,63)
36.3	33.1	[36,39)
52	48.7	[51,54)
54.4	64.6	[54,57)
72	73.6	[72,75)
65	62.1	[63,66)
52.9	51.9	[51,54)
47	52	[45,48)
26.4	17.4	[24,27)
68	66.4	[66,69)
29.9	31.7	[27,30)
44.4	42.9	[42,45)
68.8	71.3	[66,69)
62.7	62.5	[60,63)
45.9	40.9	[45,48)
50.9	46.1	[48,51)
43.7	40.1	[42,45)
38.8	33.1	[36,39)
58.3	58.8	[57,60)
60	61.2	[60,63)
33.1	34.7	[33,36)
31.9	25.9	[30,33)
51	55.4	[51,54)
59.7	59.3	[57,60)
56.8	59.5	[54,57)
37.2	39.5	[36,39)
68.1	70	[66,69)
72.1	66	[72,75)
44.6	45.9	[42,45)
51.8	52.3	[51,54)
47	50.4	[45,48)
71.7	68.1	[69,72)
56.5	50.1	[54,57)
68.3	67.2	[66,69)
45.4	46.7	[45,48)
45.9	48.8	[45,48)
58.2	52.1	[57,60)
55.8	54.4	[54,57)
59.4	62	[57,60)
64.2	72.8	[63,66)
50.8	53.5	[48,51)
37	37	[36,39)
38.8	39.3	[36,39)
72.9	67.6	[72,75)
64.4	66.1	[63,66)
36.4	39.8	[36,39)
76.2	72.1	[75,78)
31.7	31.1	[30,33)
42.4	52	[42,45)
66	67.1	[66,69)
46.7	38.6	[45,48)
69	74.6	[69,72)
66	73.3	[66,69)
67	66.8	[66,69)
44.2	51.6	[42,45)
53.1	61.7	[51,54)
55.4	52.3	[54,57)
22.6	27.7	[21,24)
76	74.2	[75,78)
54.6	56.1	[54,57)
65.9	65.4	[63,66)
56.4	57.4	[54,57)
61.3	72.5	[60,63)
47.9	50.1	[45,48)
52.9	49.4	[51,54)
39.2	36.7	[39,42)
56.3	53.6	[54,57)
33.7	35.8	[33,36)
32.7	34.2	[30,33)
28.4	35.7	[27,30)
28.7	31.7	[27,30)
66.8	65.4	[66,69)
64	67.4	[63,66)
48.4	46.4	[48,51)
75.5	74.8	[75,78)
47.1	41.7	[45,48)
46.6	44.8	[45,48)
51.8	43.2	[51,54)
22.8	24.7	[21,24)
55.7	56.2	[54,57)
36.5	30	[36,39)
62	66.7	[60,63)
71.4	66.6	[69,72)
60	69.2	[60,63)
45.3	51.1	[45,48)
51.2	61.1	[51,54)
47.4	52.2	[45,48)
64.7	60.5	[63,66)
41.6	39.9	[39,42)
29.6	31.6	[27,30)
65.9	64.4	[63,66)
68	68.9	[66,69)
48.5	53.8	[48,51)
53.6	57.3	[51,54)
39.1	33.5	[39,42)
53.6	51.2	[51,54)
43.7	41.9	[42,45)
44.1	37.1	[42,45)
54.8	54.1	[54,57)
76.8	73.7	[75,78)
36	40.5	[36,39)
41.2	48.1	[39,42)
53.8	43.8	[51,54)
72	74.9	[72,75)
30.8	30.2	[30,33)
80.5	75	[78,81)
64	69.8	[63,66)
44.2	45.9	[42,45)
38.8	37.3	[36,39)
55.4	51.9	[54,57)
49	49.6	[48,51)
67.1	63.2	[66,69)
45.2	48.5	[45,48)
67	71.8	[66,69)
71.8	63.1	[69,72)
53.8	45.4	[51,54)
66.6	57.6	[66,69)
31.2	26.9	[30,33)
63.8	74.7	[63,66)
60.1	54.7	[60,63)
39	35.2	[39,42)
54.7	56.2	[54,57)
30.9	33.6	[30,33)
20.7	29.9	[18,21)
56	60.5	[54,57)
70	70.5	[69,72)
26.6	34.7	[24,27)
55.3	46.7	[54,57)
35.3	36.3	[33,36)
35.1	31.8	[33,36)
57.2	59.7	[57,60)
26.8	26.3	[24,27)
39.5	45.2	[39,42)
60.5	68.7	[60,63)
59	56.5	[57,60)
44.3	47.4	[42,45)
21.2	37.9	[21,24)
80.7	72.8	[78,81)
31.6	34.2	[30,33)
25.3	28.3	[24,27)
56	56	[54,57)
67.3	61.2	[66,69)
33.3	29.7	[33,36)
75	72.4	[75,78)
26.7	28.9	[24,27)
43.9	47	[42,45)
39.4	39.1	[39,42)
36	43.3	[36,39)
66.3	60.6	[66,69)
27.3	31.7	[27,30)
80.7	76	[78,81)
68.7	72.8	[66,69)
32.6	29.7	[30,33)
37.5	35	[36,39)
38	49.6	[36,39)
72.8	73.3	[72,75)
41.8	41.7	[39,42)
73.5	75	[72,75)
22.3	23.9	[21,24)
59.9	57.8	[57,60)
73	75.4	[72,75)
38.2	38.4	[36,39)
30.5	27.6	[30,33)
73.3	71.9	[72,75)
68.9	74.1	[66,69)
73.4	71.5	[72,75)
73	75.6	[72,75)
68.9	72.8	[66,69)
59.3	58	[57,60)
53.1	55.6	[51,54)
52.5	49.7	[51,54)
58	66	[57,60)
40.4	40.6	[39,42)
64.7	75.3	[63,66)
59.6	66	[57,60)
57.3	63.5	[57,60)
45.3	47.8	[45,48)
58.6	69.8	[57,60)
49.9	41.4	[48,51)
31.1	32	[30,33)
73.6	73.5	[72,75)
57.4	48.7	[57,60)
33.5	43.6	[33,36)
23.6	29.3	[21,24)
71.5	68.8	[69,72)
37.1	35.3	[36,39)
51.9	58.1	[51,54)
35.2	30.8	[33,36)
45.2	45.9	[45,48)
56.8	61.7	[54,57)
52.8	50.4	[51,54)
57.1	49.6	[57,60)
30.7	27.7	[30,33)
59.2	56.5	[57,60)
37.5	34.1	[36,39)
27.9	23.5	[27,30)
29.5	32.2	[27,30)
61	52.1	[60,63)
75.9	73.3	[75,78)
66.7	65.4	[66,69)
47.6	48.5	[45,48)
76.2	73.6	[75,78)
63.6	69	[63,66)
50.8	54	[48,51)
27	35.7	[27,30)
61	67.6	[60,63)
64.1	70.5	[63,66)
34.3	42.8	[33,36)
57.3	40.8	[57,60)
79.4	73.3	[78,81)
61.5	64.9	[60,63)
39.9	36.1	[39,42)
67.6	71.9	[66,69)
18.2	18.6	[18,21)
60.4	67.1	[60,63)
71.1	74	[69,72)
41.8	41	[39,42)
68.3	65.1	[66,69)
39.2	54.1	[39,42)
44.3	47	[42,45)
29.9	36.4	[27,30)
60.8	63.7	[60,63)
35.9	38.1	[33,36)
44.4	44.1	[42,45)
35.8	28.7	[33,36)
66.2	75.4	[66,69)
53.7	57.5	[51,54)
37.4	39	[36,39)
28.6	29.6	[27,30)
60.5	66.6	[60,63)
54.2	50.5	[54,57)
57.5	56.4	[57,60)
70.7	67.6	[69,72)
49.8	52.8	[48,51)
62.6	46.7	[60,63)
55.2	53.9	[54,57)
57.9	61.8	[57,60)
30.4	37	[30,33)
70.2	74.2	[69,72)
48.2	50	[48,51)
53.9	53.2	[51,54)
59.1	56.3	[57,60)
50	50.9	[48,51)
41.6	50	[39,42)
46.9	44.5	[45,48)
38.9	32.1	[36,39)
65.5	54.9	[63,66)
32.1	36.3	[30,33)
58.3	54.3	[57,60)
31.6	36.4	[30,33)
39.8	62.1	[39,42)
50.5	48.9	[48,51)
51.6	64.6	[51,54)
55.6	60.1	[54,57)
43.1	44.6	[42,45)
56.8	58.9	[54,57)
55.4	57	[54,57)
65.6	70.3	[63,66)
27.7	27.5	[27,30)
34.4	35	[33,36)
40.1	30.7	[39,42)
66.6	73.4	[66,69)
72.5	71.7	[72,75)
62.2	60.9	[60,63)
53.2	57.5	[51,54)
72.2	73.3	[72,75)
54.3	53.4	[54,57)
69	67.6	[69,72)
37.3	47.6	[36,39)
60.1	61.3	[60,63)
59.4	64	[57,60)
61.8	65.9	[60,63)
52.8	45	[51,54)
50	54.3	[48,51)
56.5	55.4	[54,57)
71.8	75.2	[69,72)
33.7	40.3	[33,36)
50.3	39.5	[48,51)
74.1	73.4	[72,75)
61	53.1	[60,63)
72.9	72	[72,75)
48.6	37.9	[48,51)
63.5	65.5	[63,66)
72.8	72.1	[72,75)
33.2	33.3	[33,36)
39	43.2	[39,42)
70.2	61.8	[69,72)
52.5	51.8	[51,54)
58.1	72.4	[57,60)
52.5	49.6	[51,54)
69.5	68.4	[69,72)
36.5	37.5	[36,39)
67.9	68.5	[66,69)
62.4	50.2	[60,63)
65.4	67.8	[63,66)
55.6	57.5	[54,57)
53.2	48.9	[51,54)
28.5	34.3	[27,30)
22.6	37.2	[21,24)
59	64.5	[57,60)
53.7	58.4	[51,54)
24.9	26.7	[24,27)
71.8	73.6	[69,72)
52.5	53.3	[51,54)
18.4	28	[18,21)
33.7	35	[33,36)
58.5	53.6	[57,60)
71.2	75	[69,72)
51.7	44.9	[51,54)
41.4	38.1	[39,42)
46.5	49.7	[45,48)
65.4	66.6	[63,66)
55.6	48.9	[54,57)
52.2	61.5	[51,54)
59.6	58.5	[57,60)
71.8	70.7	[69,72)
40.3	52.5	[39,42)
62.4	73.5	[60,63)
77.9	75.7	[75,78)
53.9	45.7	[51,54)
76.2	82.1	[75,78)
65	73.9	[63,66)
25.5	21.9	[24,27)
35.6	29.3	[33,36)
76.5	73.7	[75,78)
75.4	66.5	[75,78)
71.5	71.4	[69,72)
72.1	76.6	[72,75)
66.7	62.6	[66,69)
38.5	36	[36,39)
70.9	68.1	[69,72)
34.7	38.4	[33,36)
32.4	30.1	[30,33)
58.5	55.8	[57,60)
64.5	62.3	[63,66)
74.3	68.2	[72,75)
47.7	47.7	[45,48)
56.2	49.2	[54,57)
50.6	46.1	[48,51)
52.2	53.7	[51,54)
42.9	33.7	[42,45)
41.3	46.6	[39,42)
42.9	29.3	[42,45)
61.5	68.2	[60,63)
58.1	62	[57,60)
75.1	67.6	[75,78)
41.1	35.1	[39,42)
61.5	51.4	[60,63)
80.1	75.9	[78,81)
60.5	76	[60,63)
72.7	70.1	[72,75)
39.7	32.6	[39,42)
25.1	30.7	[24,27)
47.4	56	[45,48)
65.8	67.5	[63,66)
34.1	42.5	[33,36)
56.6	60.5	[54,57)
32.6	30.3	[30,33)
49.8	56.2	[48,51)
37.9	27.4	[36,39)
52.1	48.5	[51,54)
68.3	74	[66,69)
40.4	36.6	[39,42)
43.2	42.1	[42,45)
29	30.7	[27,30)
59.2	65.5	[57,60)
73.2	72	[72,75)
51.8	51.3	[51,54)
46.7	33.6	[45,48)
59.4	62.2	[57,60)
73.3	73	[72,75)
59	54.5	[57,60)
30.9	33.8	[30,33)
42	45.8	[42,45)
33.4	35.1	[33,36)
53.4	52.5	[51,54)
71.7	70.1	[69,72)
34.3	46.1	[33,36)
65.4	54.4	[63,66)
65.2	71.4	[63,66)
43.7	43.4	[42,45)
33.1	38.5	[33,36)
71.2	72.5	[69,72)
49.3	58	[48,51)
55.9	51.4	[54,57)
32.2	28.8	[30,33)
39	43.7	[39,42)
56	72.9	[54,57)
77	74.5	[75,78)
37	39.2	[36,39)
61.3	52.7	[60,63)
25.3	31.2	[24,27)
27.5	31.5	[27,30)
36.7	29.2	[36,39)
56.3	54	[54,57)
57.2	50.9	[57,60)
66.5	68.8	[66,69)
50.5	45.9	[48,51)
33.3	36.9	[33,36)
45.2	47.3	[45,48)
32.4	32.7	[30,33)
66.1	70.3	[66,69)
30.5	48.8	[30,33)
52	49.2	[51,54)
47.3	48	[45,48)
44.9	37.7	[42,45)
74.1	73.7	[72,75)
60.3	71.4	[60,63)
34.7	30.2	[33,36)
31.3	34.6	[30,33)
61.8	63.3	[60,63)
22.9	30.5	[21,24)
35.8	32.1	[33,36)
82.1	70.9	[81,84)
36.7	33.9	[36,39)
71.9	70.5	[69,72)
44.6	54	[42,45)
58.7	64.3	[57,60)
50.6	49.2	[48,51)
43.6	41.2	[42,45)
48.7	45.2	[48,51)
76.5	65.5	[75,78)
27	25.2	[27,30)
71.9	69.3	[69,72)
34.5	35.1	[33,36)
48.6	53.3	[48,51)
37.7	32.8	[36,39)
62.4	64.5	[60,63)
70.7	69.3	[69,72)
67.3	71.9	[66,69)
45.3	53.7	[45,48)
24.9	22.7	[24,27)
49.8	55.8	[48,51)
65.7	72.6	[63,66)
66	70.9	[66,69)
52.8	55.9	[51,54)
33.4	31.8	[33,36)
52.7	49.8	[51,54)
67.9	74	[66,69)
33	39.8	[33,36)
76.7	74.2	[75,78)
66.1	70.7	[66,69)
73.8	75.5	[72,75)
51.2	44.8	[51,54)
45	48	[45,48)
60.5	55.9	[60,63)
29.6	36	[27,30)
28.4	25.2	[27,30)
31.4	29.4	[30,33)
51.6	57.4	[51,54)
61.1	62.4	[60,63)
72.6	68.1	[72,75)
64.3	69.2	[63,66)
45.6	58.6	[45,48)
76.7	81	[75,78)
54	58.9	[54,57)
66.2	64.5	[66,69)
26.2	27	[24,27)
42.4	37.5	[42,45)
54.1	57.7	[54,57)
61.1	48.6	[60,63)
56.5	52	[54,57)
60	60.1	[60,63)
59.6	65.4	[57,60)
51.4	53.3	[51,54)
75.3	70.8	[75,78)
47.5	46.2	[45,48)
65.3	65.3	[63,66)
44.4	45.8	[42,45)
48	56.7	[48,51)
26.2	22.5	[24,27)
44.6	49.5	[42,45)
37.7	37.1	[36,39)
33.5	31.7	[33,36)
44.2	45.3	[42,45)
32.8	30.4	[30,33)
51.8	50.8	[51,54)
57.4	58.7	[57,60)
36.9	39.3	[36,39)
54.7	71.4	[54,57)
47	41.8	[45,48)
38.6	38.6	[36,39)
64.7	72.4	[63,66)
68.6	75.9	[66,69)
37.6	38.2	[36,39)
66.7	71	[66,69)
59	54	[57,60)
45.3	38.9	[45,48)
51	57.7	[51,54)
30.8	29.5	[30,33)
52.8	46.6	[51,54)
40.2	42.4	[39,42)
72.2	62.8	[72,75)
62.7	67.2	[60,63)
31.8	27.8	[30,33)
76.3	73.6	[75,78)
20.7	26.4	[18,21)
56.5	62.3	[54,57)
51.8	47.4	[51,54)
79.4	77.7	[78,81)
46.7	40.1	[45,48)
50.9	48	[48,51)
49.1	45.6	[48,51)
37.3	43	[36,39)
72.3	71.3	[72,75)
76.9	78.1	[75,78)
31.6	34.1	[30,33)
65	64	[63,66)
49.4	55.7	[48,51)
57.9	75.8	[57,60)
28.4	32.8	[27,30)
28.7	23.8	[27,30)
79.9	72.6	[78,81)
73.8	69.5	[72,75)
51.7	56.2	[51,54)
41.3	34.5	[39,42)
72.5	61.4	[72,75)
57.2	57.7	[57,60)
44.3	47	[42,45)
39.2	39.6	[39,42)
32.4	29.6	[30,33)
42.3	32.1	[42,45)
45.5	48.9	[45,48)
57.8	58.7	[57,60)
64.7	67.1	[63,66)
72.8	71.5	[72,75)
30.1	35.9	[30,33)
75.2	72.8	[75,78)
54.7	49.1	[54,57)
74.8	68.2	[72,75)
35.4	32.2	[33,36)
53.2	48.1	[51,54)
45.1	53.1	[45,48)
53.5	42.7	[51,54)
59.8	64.2	[57,60)
45.8	47.3	[45,48)
64	71.4	[63,66)
58.6	51.8	[57,60)
54	57.7	[54,57)
52.3	51.2	[51,54)
54	55.8	[54,57)
53.7	54	[51,54)
31.6	32.8	[30,33)
31.9	34.9	[30,33)
34.8	33	[33,36)
20.9	26.6	[18,21)
35.6	32.6	[33,36)
56	55.4	[54,57)
61.2	65.5	[60,63)
41.6	37.6	[39,42)
58.8	65.8	[57,60)
62.6	70.1	[60,63)
71	72.7	[69,72)
35.5	30.6	[33,36)
54.3	53.1	[54,57)
64.2	72.9	[63,66)
46.3	46.6	[45,48)
52.3	53.6	[51,54)
55	64.4	[54,57)
46.3	38.8	[45,48)
32.5	26.3	[30,33)
71.5	71.8	[69,72)
75.2	71	[75,78)
42.3	43.6	[42,45)
24.1	23.3	[24,27)
75.1	73.3	[75,78)
65.1	35.2	[63,66)
72.5	67.2	[72,75)
29.8	33.9	[27,30)
56.1	63.8	[54,57)
50.1	54.1	[48,51)
69.2	72.2	[69,72)
40.7	34.5	[39,42)
33.1	29.2	[33,36)
43.5	43.1	[42,45)
52.6	50.9	[51,54)
52.8	48.6	[51,54)
54.6	63.2	[54,57)
71.3	65	[69,72)
53.5	50.8	[51,54)
40.5	53.9	[39,42)
71.3	73.5	[69,72)
51.7	50.6	[51,54)
49.2	48.1	[48,51)
39.7	46.1	[39,42)
73.1	70.8	[72,75)
33.7	36.4	[33,36)
57.9	48.3	[57,60)
63.3	74.8	[63,66)
75.2	70.7	[75,78)
30.9	35.2	[30,33)
52.7	51.1	[51,54)
29.7	35.2	[27,30)
64.4	61.6	[63,66)
73.9	71.3	[72,75)
63.7	57.2	[63,66)
64.8	63.1	[63,66)
77.3	72.7	[75,78)
37.8	44.4	[36,39)
60.8	65.2	[60,63)
61	65.1	[60,63)
42.9	47.7	[42,45)
45	44.1	[45,48)
28.5	29.1	[27,30)
53.1	50.9	[51,54)
51.7	55.4	[51,54)
63.6	73	[63,66)
26.1	26.5	[24,27)
49.3	48.8	[48,51)
66.9	67.2	[66,69)
38.4	37	[36,39)
47.3	42.5	[45,48)
43.9	49.3	[42,45)
49.8	46.6	[48,51)
71.4	75	[69,72)
68.9	72.2	[66,69)
51.3	52.3	[51,54)
26.1	29.4	[24,27)
48.1	46.2	[48,51)
42.2	38.4	[42,45)
21.3	27.7	[21,24)
45.7	45.7	[45,48)
71.4	67.3	[69,72)
53.6	57.6	[51,54)
56.3	59	[54,57)
31.2	44.7	[30,33)
72	60.5	[72,75)
66.9	61.5	[66,69)
20.7	22.1	[18,21)
55.7	63.8	[54,57)
50	52	[48,51)
38.1	34.5	[36,39)
31.6	29.8	[30,33)
65.9	73.9	[63,66)
70.4	71.1	[69,72)
74.4	70.6	[72,75)
44.6	43.8	[42,45)
36.9	38.2	[36,39)
42.2	44.2	[42,45)
74.2	70.2	[72,75)
62.1	66.5	[60,63)
64.9	75.3	[63,66)
38.2	25.4	[36,39)
49	48.1	[48,51)
23.5	28.8	[21,24)
33.8	37.7	[33,36)
37.8	42.8	[36,39)
24.7	24.8	[24,27)
51.6	57.3	[51,54)
27.5	28.7	[27,30)
45.2	46.4	[45,48)
46.5	39.7	[45,48)
72.6	73.4	[72,75)
65.7	71.8	[63,66)
50.7	53.9	[48,51)
51.4	58.5	[51,54)
60.5	66.1	[60,63)
49.8	46.6	[48,51)
63.8	67.3	[63,66)
51	47.7	[51,54)
30.9	21.5	[30,33)
34.4	32.9	[33,36)
41.5	36.8	[39,42)
72.4	68.9	[72,75)
33.6	38.4	[33,36)
21.4	25.8	[21,24)
25.5	25.6	[24,27)
71.4	71.5	[69,72)
47.7	41.9	[45,48)
67.7	66	[66,69)
53.4	46.7	[51,54)
36.9	43.8	[36,39)
35.9	33.7	[33,36)
46.8	46.2	[45,48)
46.5	48.2	[45,48)
32	27.1	[30,33)
59.2	67.8	[57,60)
56.9	65.1	[54,57)
42.4	47.1	[42,45)
59.1	53	[57,60)
73.1	74.5	[72,75)
67.2	69	[66,69)
46.1	48.2	[45,48)
58.7	59.5	[57,60)
64	66.6	[63,66)
54.6	53.5	[54,57)
26.9	22.7	[24,27)
64.8	61.7	[63,66)
45.3	47.5	[45,48)
70	71.3	[69,72)
57.2	53.7	[57,60)
58.2	57.5	[57,60)
43.6	39.1	[42,45)
52.8	58.5	[51,54)
53.4	54.5	[51,54)
53.2	53.4	[51,54)
33.3	35.1	[33,36)
57.7	34.7	[57,60)
37.4	33.3	[36,39)
52.1	55.7	[51,54)
56.5	54.3	[54,57)
65.3	56.9	[63,66)
62.6	57.1	[60,63)
76.2	74.7	[75,78)
70.9	75.7	[69,72)
46.7	54.1	[45,48)
55.2	49.3	[54,57)
54.8	55.2	[54,57)
38.5	45.7	[36,39)
49.8	52.3	[48,51)
42.9	32.6	[42,45)
54.5	49.4	[54,57)
70.4	73	[69,72)
21.5	30	[21,24)
55.4	53.2	[54,57)
72.4	75.5	[72,75)
50.7	48.7	[48,51)
24.2	22.6	[24,27)
49.7	52.7	[48,51)
61.3	64.4	[60,63)
54.8	50.8	[54,57)
48	54.5	[48,51)
65.8	73.1	[63,66)
65.4	65.1	[63,66)
32.7	34.4	[30,33)
66.5	63.8	[66,69)
62.7	66.8	[60,63)
56.9	47.8	[54,57)
44.2	45.8	[42,45)
61.5	72.3	[60,63)
38.6	42.1	[36,39)
48.5	47.1	[48,51)
67.4	69.6	[66,69)
37.7	41.3	[36,39)
63.3	65.7	[63,66)
54.9	45.9	[54,57)
65.6	71.4	[63,66)
69.7	62.4	[69,72)
71.5	72.1	[69,72)
39	37.6	[39,42)
37.2	38.1	[36,39)
26.9	30.1	[24,27)
61.4	56.8	[60,63)
37.4	34.1	[36,39)
75.5	69.4	[75,78)
49.3	55.2	[48,51)
69.4	54.7	[69,72)
76.1	70.2	[75,78)
55.7	65.3	[54,57)
50	51.1	[48,51)
82.1	75.8	[81,84)
62.8	69.2	[60,63)
59.1	56.6	[57,60)
62.4	64.4	[60,63)
54.6	62.8	[54,57)
65.2	65.6	[63,66)
71.6	75.5	[69,72)
26.7	29.9	[24,27)
57.6	63.1	[57,60)
40.2	48.3	[39,42)
62.1	58.8	[60,63)
26.2	31.7	[24,27)
46.3	47.5	[45,48)
51.2	49.5	[51,54)
63.5	65.7	[63,66)
68.1	68.9	[66,69)
77.3	72.7	[75,78)
33.3	36.3	[33,36)
36	48.4	[36,39)
32.5	43.2	[30,33)
45.3	44.7	[45,48)
57.4	67.9	[57,60)
47.8	47.7	[45,48)
70.6	71	[69,72)
51	50.5	[51,54)
74.1	74.2	[72,75)
74.6	71.3	[72,75)
55.2	54	[54,57)
47	44.9	[45,48)
38.4	40.9	[36,39)
28	32.9	[27,30)
36	38.8	[36,39)
75.5	73.3	[75,78)
43	33.5	[42,45)
46.5	48.3	[45,48)
45.3	52.3	[45,48)
47.1	50.9	[45,48)
56.3	47.8	[54,57)
49.6	56.5	[48,51)
40	36.2	[39,42)
31	35.2	[30,33)
54.4	57.5	[54,57)
72.5	73.5	[72,75)
66.6	74.4	[66,69)
36.9	41.8	[36,39)
51.1	48.6	[51,54)
31.1	28.6	[30,33)
48.8	50.3	[48,51)
37.6	39.4	[36,39)
54.3	53.9	[54,57)
46.1	38.6	[45,48)
39.7	37.6	[39,42)
75.3	71.3	[75,78)
54.2	54.3	[54,57)
58.3	65.5	[57,60)
21	23.1	[21,24)
71.5	69.6	[69,72)
55.1	52	[54,57)
44.5	39.4	[42,45)
76.7	72.8	[75,78)
18.2	25.2	[18,21)
29.5	31.8	[27,30)
71.5	71.6	[69,72)
38	36.6	[36,39)
58.6	56.6	[57,60)
58.4	57.5	[57,60)
75.8	68	[75,78)
36.1	34.2	[36,39)
63.7	64.8	[63,66)
41.6	36.1	[39,42)
72.6	74.1	[72,75)
67.8	62.9	[66,69)
58.3	73.1	[57,60)
49.1	49.2	[48,51)
51.9	55.7	[51,54)
42.4	38.2	[42,45)
42.6	35.5	[42,45)
68	67.5	[66,69)
47.4	40.3	[45,48)
65.3	61.6	[63,66)
76.5	70.5	[75,78)
54.4	64.2	[54,57)
70.9	66.9	[69,72)
44.1	42.5	[42,45)
76	65.3	[75,78)
70.1	65.5	[69,72)
38.6	44.9	[36,39)
72	72	[72,75)
23.4	30.2	[21,24)
42.3	47.5	[42,45)
39.2	44.6	[39,42)
54.5	47.4	[54,57)
46.2	53.9	[45,48)
42.4	46.1	[42,45)
33.9	34.8	[33,36)
63.4	68.9	[63,66)
52	55.8	[51,54)
40.4	45.1	[39,42)
37.7	31.9	[36,39)
29.7	29.7	[27,30)
45.8	43.6	[45,48)
39.2	34.8	[39,42)
52.9	54.5	[51,54)
73.5	72	[72,75)
55.5	55.5	[54,57)
57	56.3	[57,60)
68.2	72.4	[66,69)
44.3	40.9	[42,45)
56.1	57.6	[54,57)
60.5	55.9	[60,63)
51.3	49.3	[51,54)
50.4	55	[48,51)
45.9	55.6	[45,48)
57.5	54.3	[57,60)
51.7	49	[51,54)
55.7	57.9	[54,57)
47.4	44.3	[45,48)
38.9	36.6	[36,39)
64	62.1	[63,66)
39	34.5	[39,42)
67.8	68.1	[66,69)
37.2	35.7	[36,39)
45.8	49.9	[45,48)
40.6	38.3	[39,42)
37.8	48	[36,39)
55.3	72.7	[54,57)
47.2	50.4	[45,48)
70.8	73.6	[69,72)
70.1	71.7	[69,72)
47.1	48.1	[45,48)
63	63.4	[63,66)
30	36.6	[30,33)
66.6	64.6	[66,69)
45.8	46.7	[45,48)
56.8	54.3	[54,57)
81.1	69.9	[81,84)
43.2	47.9	[42,45)
68.7	74.6	[66,69)
49.1	47.3	[48,51)
66	71.5	[66,69)
63.7	67.5	[63,66)
64.4	64.7	[63,66)
48	40.3	[48,51)
51.8	52.6	[51,54)
54.5	51.4	[54,57)
74.7	70.5	[72,75)
57	56.5	[57,60)
65.4	70.4	[63,66)
37.8	44.2	[36,39)
58.9	58.7	[57,60)
50.7	54.5	[48,51)
50.8	56.8	[48,51)
73.4	70.3	[72,75)
58.6	64.8	[57,60)
38.9	40.5	[36,39)
66.2	66.5	[66,69)
35.1	30.4	[33,36)
61.8	52.6	[60,63)
22.9	26.3	[21,24)
37.1	32.3	[36,39)
31.9	32.1	[30,33)
70.9	73.3	[69,72)
77.3	69.3	[75,78)
61.7	58	[60,63)
46.9	50.7	[45,48)
53.1	52.1	[51,54)
68.6	69.8	[66,69)
72	70.9	[72,75)
62.3	63.8	[60,63)
50.6	51.9	[48,51)
43.8	38.1	[42,45)
32.5	36	[30,33)
32.4	33.6	[30,33)
56.5	48.4	[54,57)
40.2	47	[39,42)
38.7	36.1	[36,39)
48	51	[48,51)
31.9	36.5	[30,33)
38.4	40.8	[36,39)
18.4	28	[18,21)
43.2	41.3	[42,45)
47.8	50.6	[45,48)
35.9	34.2	[33,36)
47.9	58	[45,48)
31.3	35.2	[30,33)
46.9	33.2	[45,48)
40.3	32.1	[39,42)
62.6	69.8	[60,63)
70.1	70.1	[69,72)
67.7	68.8	[66,69)
29.5	31.9	[27,30)
40.1	39.4	[39,42)
21.2	26	[21,24)
64.6	59.3	[63,66)
55.2	49.2	[54,57)
41.2	47.6	[39,42)
44.1	56.2	[42,45)
52.9	49.4	[51,54)
55.4	49.5	[54,57)
46.5	49.1	[45,48)
51.2	53.9	[51,54)
62.8	66.8	[60,63)
35.8	32.7	[33,36)
48.8	37.6	[48,51)
73.8	73.8	[72,75)
63.9	59.1	[63,66)
64.9	66.7	[63,66)
38.1	33.5	[36,39)
43.8	50.5	[42,45)
57.1	56.1	[57,60)
39.1	43.3	[39,42)
76.9	73.6	[75,78)
51.9	50.9	[51,54)
55.6	53.5	[54,57)
62.7	75.6	[60,63)
33.9	26.8	[33,36)
63.7	62.3	[63,66)
51.7	68.9	[51,54)
63	72.4	[63,66)
34.2	33.8	[33,36)
57.4	63.6	[57,60)
33.3	30.8	[33,36)
34.9	30.6	[33,36)
51	48.5	[51,54)
45.9	47.8	[45,48)
36.8	41.9	[36,39)
44.2	54.2	[42,45)
22	32.6	[21,24)
46.7	47.7	[45,48)
66.3	65.1	[66,69)
32.2	36.2	[30,33)
41.5	47.3	[39,42)
70.8	69.8	[69,72)
49.1	49.8	[48,51)
34.3	33.3	[33,36)
49.7	52	[48,51)
47.6	49.2	[45,48)
55.4	49.5	[54,57)
56.1	50.3	[54,57)
58.6	55.8	[57,60)
57.7	50.6	[57,60)
64.1	73.3	[63,66)
48.2	53.4	[48,51)
68.5	67.1	[66,69)
67.5	74.3	[66,69)
67.5	66.7	[66,69)
47.3	48.2	[45,48)
31.8	40	[30,33)
43.9	45.5	[42,45)
33.4	34.5	[33,36)
52	48.4	[51,54)
28.5	30.4	[27,30)
54.6	49.1	[54,57)
52.5	42.9	[51,54)
63.7	68	[63,66)
42	49.2	[42,45)
54.3	47.2	[54,57)
57.5	53.9	[57,60)
51	50.4	[51,54)
65.1	69.2	[63,66)
58.6	54.2	[57,60)
76.6	75.5	[75,78)
55.9	46.3	[54,57)
37.7	35.7	[36,39)
64.2	75	[63,66)
39.3	40.6	[39,42)
42.9	42	[42,45)
39.9	32.8	[39,42)
46.1	60	[45,48)
60.9	65.8	[60,63)
46.8	50.8	[45,48)
57.8	67.6	[57,60)
52.3	54	[51,54)
49	49.5	[48,51)
64.5	61.5	[63,66)
27.2	37	[27,30)
18.2	23	[18,21)
39.2	33.7	[39,42)
56.4	53.4	[54,57)
62.7	69.7	[60,63)
73.2	71.7	[72,75)
23	25.4	[21,24)
36.6	31.8	[36,39)
54.6	51.1	[54,57)
75	67.1	[75,78)
55.3	54.3	[54,57)
23.2	28.1	[21,24)
71.5	71.6	[69,72)
49.9	51.4	[48,51)
65.1	65.2	[63,66)
58.7	52	[57,60)
79.4	68.7	[78,81)
58.1	69.8	[57,60)
30.3	19.8	[30,33)
48.1	57.8	[48,51)
38.7	52.4	[36,39)
29.2	29.9	[27,30)
42.3	57	[42,45)
48.2	50	[48,51)
58.3	61.2	[57,60)
52.7	54.2	[51,54)
42.1	39.9	[42,45)
48.5	46.6	[48,51)
77.8	73	[75,78)
59.2	55.3	[57,60)
45.4	58.1	[45,48)
72.2	72.4	[72,75)
65	50.4	[63,66)
44.9	37	[42,45)
64.9	69.9	[63,66)
71	73.2	[69,72)
48.1	45.7	[48,51)
39.4	30.5	[39,42)
54.6	51.3	[54,57)
33.8	34.6	[33,36)
68.2	71.3	[66,69)
38.4	31.9	[36,39)
43.9	47.6	[42,45)
33.2	30.3	[33,36)
54.3	69.7	[54,57)
33.1	29.2	[33,36)
26.6	31.4	[24,27)
36.3	42.8	[36,39)
29.5	36.8	[27,30)
26.1	31.7	[24,27)
49.6	49.5	[48,51)
36.2	41.4	[36,39)
28.8	28.5	[27,30)
65	65.1	[63,66)
68.7	69.2	[66,69)
54.2	50.4	[54,57)
53.5	54.8	[51,54)
51.9	53.2	[51,54)
55.1	67.6	[54,57)
50.3	55.2	[48,51)
69.6	70.5	[69,72)
70.7	76.1	[69,72)
44.4	45.7	[42,45)
69.2	77.1	[69,72)
50	50	[48,51)
70.3	74.4	[69,72)
21.3	23.9	[21,24)
59.2	71.1	[57,60)
70.9	70.2	[69,72)
60.6	54.3	[60,63)
45.5	49.9	[45,48)
35.6	43.6	[33,36)
27.1	25.3	[27,30)
39.7	35.1	[39,42)
61.3	65.2	[60,63)
26.5	28.7	[24,27)
45	38.3	[45,48)
71.8	73.7	[69,72)
59.6	67.7	[57,60)
68.9	78.1	[66,69)
47.7	44.1	[45,48)
31.6	32	[30,33)
59.7	51.2	[57,60)
62	65.4	[60,63)
56.3	55.3	[54,57)
50.3	48.1	[48,51)
38.9	26.5	[36,39)
65.1	67.5	[63,66)
48.6	56	[48,51)
41.9	40.5	[39,42)
26.7	26.6	[24,27)
49.5	48.6	[48,51)
50.7	46.3	[48,51)
41.9	46.2	[39,42)
67.2	73	[66,69)
66.8	80.6	[66,69)
59.7	53.8	[57,60)
77.4	73.4	[75,78)
64.6	73.3	[63,66)
51.9	52.7	[51,54)
52	62.9	[51,54)
56.3	60.3	[54,57)
61.3	58.8	[60,63)
62.7	64.6	[60,63)
41.7	41.5	[39,42)
67.5	72.2	[66,69)
41.6	47.1	[39,42)
47.8	54.4	[45,48)
75.6	70.6	[75,78)
45.4	50.7	[45,48)
53.3	47.3	[51,54)
54.9	57	[54,57)
67	66.8	[66,69)
74	74.8	[72,75)
70.2	65.7	[69,72)
36.8	33.8	[36,39)
32.4	35.2	[30,33)
56.9	57.1	[54,57)
45.2	42.1	[45,48)
70.9	68.8	[69,72)
34.4	25	[33,36)
62.7	67.7	[60,63)
39.3	41.3	[39,42)
38.4	31.9	[36,39)
33.6	30.8	[33,36)
23.2	27.5	[21,24)
37.6	38.4	[36,39)
57.2	62.5	[57,60)
71.2	74.2	[69,72)
48.9	61.5	[48,51)
47	50.3	[45,48)
54.5	50.4	[54,57)
64.6	66.5	[63,66)
45.4	35.9	[45,48)
50.1	46.2	[48,51)
53.8	45.3	[51,54)
48.9	49.2	[48,51)
32.4	33.5	[30,33)
32	33.7	[30,33)
33.4	34.6	[33,36)
50.3	42.8	[48,51)
67	64.8	[66,69)
46.2	56.2	[45,48)
27	35.9	[27,30)
49.8	48.8	[48,51)
41.6	35.5	[39,42)
58.5	60.4	[57,60)
61.7	59.4	[60,63)
27.9	21.5	[27,30)
51.6	50	[51,54)
72.9	70.8	[72,75)
69.1	73	[69,72)
63	65.5	[63,66)
60.1	68.8	[60,63)
50.6	44.9	[48,51)
38.8	32	[36,39)
65.5	76	[63,66)
73.9	73.5	[72,75)
58.6	50.5	[57,60)
52	48.9	[51,54)
42.5	37.8	[42,45)
44.9	51.9	[42,45)
64.8	63.8	[63,66)
34.6	33.1	[33,36)
56.1	54	[54,57)
47.5	49.2	[45,48)
36	40.6	[36,39)
43.6	42.2	[42,45)
56.5	52.1	[54,57)
68	69.8	[66,69)
37.5	36.6	[36,39)
31.1	37.3	[30,33)
53.9	50.1	[51,54)
47.4	51	[45,48)
59.5	59.7	[57,60)
48.9	32.5	[48,51)
59.9	64.4	[57,60)
36.2	42.7	[36,39)
47.1	46.9	[45,48)
38.5	36.4	[36,39)
35.3	28	[33,36)
37.4	33.3	[36,39)
53.5	39	[51,54)
56.9	64.9	[54,57)
33.1	37.2	[33,36)
41.8	43	[39,42)
70.8	72.4	[69,72)
45.9	44.7	[45,48)
64.1	68.7	[63,66)
38.3	36.7	[36,39)
46.5	42.6	[45,48)
72.7	72.5	[72,75)
28.1	34.5	[27,30)
70.4	76.7	[69,72)
57.5	48.4	[57,60)
37.4	32.5	[36,39)
51.5	45.7	[51,54)
47.6	56.1	[45,48)
53.6	51.3	[51,54)
47.1	45.3	[45,48)
43.7	40.8	[42,45)
58.3	57.1	[57,60)
68.5	61.1	[66,69)
34	40.1	[33,36)
30.8	25.3	[30,33)
44.6	37.1	[42,45)
71.9	72.4	[69,72)
78.8	71.8	[78,81)
55.8	60.3	[54,57)
47.6	54.2	[45,48)
52.3	50.3	[51,54)
57.4	57.6	[57,60)
37.5	37	[36,39)
40.1	37.3	[39,42)
58.2	56.6	[57,60)
39.4	29	[39,42)
31.7	38.4	[30,33)
51.6	40.2	[51,54)
50	47.9	[48,51)
65	71.7	[63,66)
70.6	73.4	[69,72)
60	59	[60,63)
53.4	51.1	[51,54)
32	26	[30,33)
57.8	60.2	[57,60)
51.4	53	[51,54)
69.8	61	[69,72)
52.6	57.8	[51,54)
52.8	53.7	[51,54)
73.7	73.3	[72,75)
66.9	66.3	[66,69)
53	49.9	[51,54)
40.5	37.4	[39,42)
65.3	63.6	[63,66)
30.4	34.1	[30,33)
59.2	62.6	[57,60)
60.2	60.2	[60,63)
47.8	46.6	[45,48)
35.9	34.3	[33,36)
70.9	74	[69,72)
67.3	63.4	[66,69)
71.7	73.2	[69,72)
58.6	62.6	[57,60)
40.1	42.6	[39,42)
34	33	[33,36)
62.5	48.5	[60,63)
52.6	57.1	[51,54)
57	53.5	[57,60)
41.1	42.8	[39,42)
43.1	28.6	[42,45)
42.4	38	[42,45)
50.5	48.4	[48,51)
25.7	28.2	[24,27)
26.1	29.3	[24,27)
63.8	48.2	[63,66)
39.6	35	[39,42)
54.7	51.4	[54,57)
43.5	39	[42,45)
33	33.2	[33,36)
30.4	33.8	[30,33)
55.8	55.2	[54,57)
41.3	37.4	[39,42)
50.8	44.2	[48,51)
57.4	60.2	[57,60)
49	46	[48,51)
42.5	41.4	[42,45)
53.1	52.8	[51,54)
72.8	70.8	[72,75)
48.3	45.7	[48,51)
45.9	36.3	[45,48)
72.6	72.5	[72,75)
52.8	52.4	[51,54)
31.9	30.1	[30,33)
40.1	42.3	[39,42)
37.9	40.2	[36,39)
68.5	69.5	[66,69)
47.6	44	[45,48)
65.2	67.1	[63,66)
34.5	34.9	[33,36)
29.6	33.6	[27,30)
72.5	72	[72,75)
38.8	30.6	[36,39)
31.1	35	[30,33)
48.6	38	[48,51)
47.7	44.1	[45,48)
78.6	73.6	[78,81)
53.7	54.6	[51,54)
41.2	38.9	[39,42)
36.7	32.3	[36,39)
50.9	52.8	[48,51)
67.8	68.2	[66,69)
40.9	34.7	[39,42)
47.8	38.5	[45,48)
46.9	38.6	[45,48)
35.2	28.7	[33,36)
25.4	24.8	[24,27)
50.4	54	[48,51)
49.4	53.5	[48,51)
27.9	35.4	[27,30)
32.6	29.9	[30,33)
55.2	44.5	[54,57)
69.4	73.6	[69,72)
46.2	45.7	[45,48)
46.9	53.9	[45,48)
55.2	52.1	[54,57)
61	64.5	[60,63)
40.6	48.5	[39,42)
68.4	73.9	[66,69)
59.2	64.9	[57,60)
71.5	80.1	[69,72)
49.6	37.2	[48,51)
44.1	36.4	[42,45)
51.4	45.8	[51,54)
68.1	63.9	[66,69)
52.8	54.9	[51,54)
54.9	46.5	[54,57)
71	59.2	[69,72)
56.8	50.3	[54,57)
61.4	60.6	[60,63)
72	69.2	[72,75)
66.7	71.2	[66,69)
68.9	74.4	[66,69)
66.6	66.2	[66,69)
69.4	65.1	[69,72)
52.9	55.1	[51,54)
70.1	71.7	[69,72)
42.8	50.5	[42,45)
54.5	63.2	[54,57)
66.9	59.7	[66,69)
46.5	45.5	[45,48)
48.8	53.1	[48,51)
36.3	34.4	[36,39)
37.4	36.7	[36,39)
28.6	29.7	[27,30)
62.4	74.9	[60,63)
30.7	28.3	[30,33)
43.8	45.2	[42,45)
65.9	71.4	[63,66)
72.3	70	[72,75)
55.1	60.8	[54,57)
53.5	54.4	[51,54)
55.3	53.5	[54,57)
51	50.7	[51,54)
74.4	77.1	[72,75)
53.6	55.3	[51,54)
29.7	27	[27,30)
27.4	31	[27,30)
60.3	58.1	[60,63)
50.6	53.5	[48,51)
40.1	36.8	[39,42)
53.7	49.4	[51,54)
31.8	33.6	[30,33)
45	65.4	[45,48)
44	51.4	[42,45)
56.2	54.9	[54,57)
75.8	74.7	[75,78)
51.1	52.4	[51,54)
50.5	52.4	[48,51)
73.9	69.7	[72,75)
66.4	72.8	[66,69)
37.5	33.7	[36,39)
40.3	40.6	[39,42)
55.2	45.7	[54,57)
43.9	52.9	[42,45)
69.9	66.8	[69,72)
68.3	72.5	[66,69)
73.3	73.8	[72,75)
46.8	43.5	[45,48)
57	62.8	[57,60)
40.9	40.9	[39,42)
73.5	68.7	[72,75)
53.1	63.3	[51,54)
30.1	31.2	[30,33)
74.6	59.9	[72,75)
46.7	48.8	[45,48)
56.5	55.2	[54,57)
71	65.7	[69,72)
59.4	62.4	[57,60)
53.6	50.4	[51,54)
54.3	50.6	[54,57)
34.3	36.5	[33,36)
52.1	47.2	[51,54)
62.8	71.4	[60,63)
68.2	74.6	[66,69)
46.3	49.6	[45,48)
52.4	50.8	[51,54)
51.8	54.2	[51,54)
64.5	71	[63,66)
40.8	43	[39,42)
49.6	47.3	[48,51)
60.7	62.6	[60,63)
48.3	62	[48,51)
66.3	73.8	[66,69)
66.8	62.5	[66,69)
71.9	69.2	[69,72)
44.5	42.7	[42,45)
56.7	58.2	[54,57)
34.4	28	[33,36)
30.3	32.9	[30,33)
67.6	74.1	[66,69)
53.2	51.9	[51,54)
37.3	34.1	[36,39)
52.4	52.5	[51,54)
60.3	60.6	[60,63)
64.7	50.2	[63,66)
27.9	38.7	[27,30)
42.4	41.6	[42,45)
42.6	67.3	[42,45)
34.3	34.6	[33,36)
67.1	74.1	[66,69)
57.1	54.2	[57,60)
37.8	38.5	[36,39)
40.1	36.3	[39,42)
55.1	67	[54,57)
48.1	51.9	[48,51)
30.8	31.7	[30,33)
37.8	34.9	[36,39)
51	43.8	[51,54)
52.9	54.7	[51,54)
72.8	72.9	[72,75)
65.1	61	[63,66)
46.5	48.1	[45,48)
49.2	56.2	[48,51)
36.3	40.2	[36,39)
53.8	53.9	[51,54)
29.1	32.1	[27,30)
57.2	67.4	[57,60)
51.6	44.2	[51,54)
64.1	66.6	[63,66)
34.7	34.1	[33,36)
71.9	70.3	[69,72)
30.9	33.8	[30,33)
55.3	51.5	[54,57)
73.1	75.6	[72,75)
24.5	28.2	[24,27)
51.6	54.2	[51,54)
62.8	67.3	[60,63)
57.8	67.1	[57,60)
41	38.5	[39,42)
33.8	33	[33,36)
51.5	49.6	[51,54)
39.9	31.4	[39,42)
48.3	40.1	[48,51)
52.1	47.4	[51,54)
35.3	33.3	[33,36)
54.8	51.9	[54,57)
42.3	43.3	[42,45)
44.2	43.5	[42,45)
73.4	72.7	[72,75)
71.3	74.7	[69,72)
41.8	46.9	[39,42)
55	56.4	[54,57)
43.9	49.9	[42,45)
45.5	43	[45,48)
41.5	33.4	[39,42)
45.9	41.8	[45,48)
42.9	39.1	[42,45)
36.5	36.3	[36,39)
40.8	36.9	[39,42)
25.5	27.4	[24,27)
58.2	60.4	[57,60)
53.4	52.9	[51,54)
43.2	40	[42,45)
42.7	41	[42,45)
25.3	30	[24,27)
54.9	63.4	[54,57)
69.5	71.5	[69,72)
73.9	73.4	[72,75)
47.6	43.8	[45,48)
77.1	73	[75,78)
57.5	56.2	[57,60)
71.9	67.3	[69,72)
47.6	52	[45,48)
37	38.5	[36,39)
65.9	65.9	[63,66)
69.7	71.1	[69,72)
53.4	48.1	[51,54)
23.9	24	[21,24)
60.5	56.1	[60,63)
45.5	47.9	[45,48)
47.1	40.7	[45,48)
40.5	50.1	[39,42)
59.2	52.9	[57,60)
55.1	58.7	[54,57)
52.9	55.3	[51,54)
71.2	72.3	[69,72)
60.8	69.5	[60,63)
61.3	54.7	[60,63)
28	30.8	[27,30)
46.5	50.3	[45,48)
47.7	51.5	[45,48)
37.9	39.4	[36,39)
59.8	59.5	[57,60)
54.3	62.4	[54,57)
59	50.9	[57,60)
46.8	44.2	[45,48)
36.2	36.2	[36,39)
67.4	69.2	[66,69)
76.9	73.7	[75,78)
60	62.3	[60,63)
42	50.9	[42,45)
55.4	49.2	[54,57)
73.4	70.4	[72,75)
51.9	36	[51,54)
36.7	35.2	[36,39)
48.6	42.5	[48,51)
40.4	40.9	[39,42)
32.7	35.1	[30,33)
45.4	38.3	[45,48)
21.1	26.3	[21,24)
40.5	38.5	[39,42)
49.8	47.3	[48,51)
61	51.9	[60,63)
78.7	69.8	[78,81)
63.6	70.5	[63,66)
70.7	73.1	[69,72)
50.6	64.8	[48,51)
64.2	68.1	[63,66)
56	57.4	[54,57)
57.7	58.1	[57,60)
53.5	45.2	[51,54)
68.4	70.8	[66,69)
34.4	32.3	[33,36)
66.9	63.1	[66,69)
45.6	44.4	[45,48)
50.4	42.6	[48,51)
44.6	36.6	[42,45)
43.7	39.1	[42,45)
42.4	47.7	[42,45)
60.5	59	[60,63)
55.2	55.4	[54,57)
73.3	71.5	[72,75)
53	48.6	[51,54)
54.6	36.1	[54,57)
24.3	24.1	[24,27)
48.5	39.6	[48,51)
45.6	42.6	[45,48)
65.5	65.9	[63,66)
57.6	61.9	[57,60)
47.9	50.2	[45,48)
50.6	45.6	[48,51)
78.6	75.2	[78,81)
53.5	53.1	[51,54)
48.9	50	[48,51)
40.2	37.6	[39,42)
48.6	44.5	[48,51)
69.7	68.4	[69,72)
59.1	56.3	[57,60)
72.5	69.5	[72,75)
57.8	53.7	[57,60)
71.6	74.2	[69,72)
81.1	74.1	[81,84)
42.3	48.8	[42,45)
48.9	43.2	[48,51)
68.9	65.5	[66,69)
64.6	64.2	[63,66)
63.6	55.3	[63,66)
63.9	65.3	[63,66)
69.6	68.8	[69,72)
31.3	32	[30,33)
57.1	66.5	[57,60)
51.4	51.6	[51,54)
51.6	38.6	[51,54)
50.7	51.2	[48,51)
76.9	70.7	[75,78)
40.4	48.4	[39,42)
58.9	49.8	[57,60)
41.3	42	[39,42)
48.5	51.2	[48,51)
54.8	46.8	[54,57)
53.3	47.6	[51,54)
47.9	41.5	[45,48)
65.7	65.3	[63,66)
44.3	41.8	[42,45)
25.4	37	[24,27)
50	49.8	[48,51)
51.9	62.9	[51,54)
46	46.2	[45,48)
66.8	67.2	[66,69)
58.1	59.9	[57,60)
31.4	44.2	[30,33)
27.9	36	[27,30)
41.1	36.2	[39,42)
66.6	67.8	[66,69)
37.3	27.2	[36,39)
30.3	35.2	[30,33)
24.4	29.3	[24,27)
73.1	74.4	[72,75)
51.6	52.4	[51,54)
66.8	67.7	[66,69)
70.5	75.5	[69,72)
57.8	46.4	[57,60)
68.3	67.2	[66,69)
66.4	67.1	[66,69)
65.2	61.4	[63,66)
28.9	28	[27,30)
76.9	74	[75,78)
35	37.4	[33,36)
35.6	28.5	[33,36)
67.2	62.7	[66,69)
35.6	31.3	[33,36)
47.4	46	[45,48)
30.5	30.4	[30,33)
51.4	59.2	[51,54)
47.7	48.3	[45,48)
71.5	73.9	[69,72)
37.1	38.5	[36,39)
39.1	49.4	[39,42)
35	33.9	[33,36)
49.5	53.4	[48,51)
52.5	52.1	[51,54)
40	42.3	[39,42)
25.8	25.2	[24,27)
64.4	56.5	[63,66)
45.6	46.7	[45,48)
60.5	68	[60,63)
51.7	50	[51,54)
32.8	30.5	[30,33)
42.3	40.5	[42,45)
66.3	60.3	[66,69)
43.2	37.7	[42,45)
63.3	47.9	[63,66)
54.5	65.2	[54,57)
76.8	76.4	[75,78)
65.3	78.2	[63,66)
57.7	66.2	[57,60)
72.5	72.8	[72,75)
59.7	64.3	[57,60)
55.3	57.3	[54,57)
41	46.9	[39,42)
32.4	29.2	[30,33)
65	63.7	[63,66)
70.1	61.7	[69,72)
69.9	73.7	[69,72)
53.1	51	[51,54)
55.1	58.7	[54,57)
56.9	53.7	[54,57)
69.1	70.8	[69,72)
72.2	71.7	[72,75)
47.4	50.4	[45,48)
48.6	51.9	[48,51)
62	70.2	[60,63)
35.5	40.9	[33,36)
65.8	65.5	[63,66)
44.7	39.1	[42,45)
49.3	45.7	[48,51)
36.2	35.1	[36,39)
61.9	60.5	[60,63)
72.4	74.2	[72,75)
41.3	39.2	[39,42)
48.5	43.3	[48,51)
32.4	35.4	[30,33)
63.8	65.8	[63,66)
44.8	42.8	[42,45)
19.8	22.9	[18,21)
75.7	69.4	[75,78)
66.2	62.4	[66,69)
55.2	62.1	[54,57)
45	50.2	[45,48)
48.9	37.7	[48,51)
20.9	34.7	[18,21)
55.1	50.2	[54,57)
75.5	66.2	[75,78)
53.8	44.1	[51,54)
61.1	62	[60,63)
77.3	72.2	[75,78)
56.8	59.3	[54,57)
32.8	30.7	[30,33)
53.3	48.6	[51,54)
40	47.2	[39,42)
25	31.1	[24,27)
22.9	28.9	[21,24)
55.6	52.2	[54,57)
66	73.9	[66,69)
57.7	69.4	[57,60)
35.5	32.2	[33,36)
42.9	43.2	[42,45)
55.5	55.1	[54,57)
39.9	45.5	[39,42)
50.7	51.2	[48,51)
63.4	72	[63,66)
37.9	37.4	[36,39)
42.9	50.4	[42,45)
63.3	65.5	[63,66)
73.7	68.1	[72,75)
66.4	64.4	[66,69)
42	44.1	[42,45)
53.4	55.4	[51,54)
39.1	36.5	[39,42)
57.1	57.4	[57,60)
61.4	66	[60,63)
55.1	52.4	[54,57)
52.7	59.6	[51,54)
32.3	29.5	[30,33)
63.8	65.6	[63,66)
20.6	22.3	[18,21)
59.4	61	[57,60)
68.8	68.5	[66,69)
46.2	43.8	[45,48)
45.1	47.1	[45,48)
40.4	42.3	[39,42)
46.5	50.7	[45,48)
45.2	44.3	[45,48)
61.1	68.8	[60,63)
42.6	45	[42,45)
62.6	67.4	[60,63)
62.5	68.7	[60,63)
69.1	70.3	[69,72)
49.2	38.8	[48,51)
56.3	54.5	[54,57)
36.4	35.4	[36,39)
55.5	54	[54,57)
72.8	73.4	[72,75)
54	47.5	[54,57)
29.3	29.1	[27,30)
73.4	72.4	[72,75)
44.7	45.5	[42,45)
54.8	53.5	[54,57)
35.8	37.7	[33,36)
44.2	47.5	[42,45)
36.8	52.9	[36,39)
71.3	69.3	[69,72)
24.1	19.7	[24,27)
50.6	56	[48,51)
59.5	69.8	[57,60)
74.3	74.6	[72,75)
32.7	38.9	[30,33)
77.6	72.8	[75,78)
25.6	31.6	[24,27)
38.8	31.7	[36,39)
63.5	68.2	[63,66)
52.7	53.3	[51,54)
72.1	63.4	[72,75)
26.1	27.5	[24,27)
30.1	25.3	[30,33)
72.9	68	[72,75)
50.7	55	[48,51)
41.1	50.2	[39,42)
36.7	33.4	[36,39)
53.3	50.4	[51,54)
65.4	50.8	[63,66)
61.8	66.9	[60,63)
63.5	61.2	[63,66)
72.6	67.5	[72,75)
56.1	57	[54,57)
63.1	72.1	[63,66)
47.1	47.7	[45,48)
71	64.6	[69,72)
60.6	70.6	[60,63)
56.5	49.7	[54,57)
35.7	30.3	[33,36)
63.7	66.7	[63,66)
41.7	40.7	[39,42)
63.5	76.4	[63,66)
79.3	78.5	[78,81)
37.1	37.1	[36,39)
30.7	33.6	[30,33)
66.6	69.3	[66,69)
46	45.2	[45,48)
26.7	24.2	[24,27)
40.3	38.2	[39,42)
30.9	30.6	[30,33)
47	43.2	[45,48)
52.4	55.2	[51,54)
53.7	60	[51,54)
74.9	79.5	[72,75)
56.4	52.1	[54,57)
38.4	34.4	[36,39)
36	37.9	[36,39)
64.1	69.3	[63,66)
28.7	27	[27,30)
46.5	56.5	[45,48)
56.1	52.2	[54,57)
68.2	60.1	[66,69)
77.7	71.2	[75,78)
40.9	53.7	[39,42)
30.7	27.9	[30,33)
24.5	29.2	[24,27)
38.2	16.6	[36,39)
49.1	44.2	[48,51)
52	55.4	[51,54)
23.9	24.7	[21,24)
37.2	35	[36,39)
71.9	80.5	[69,72)
65.2	68.3	[63,66)
71.8	68.8	[69,72)
50	56	[48,51)
52.6	45	[51,54)
60.4	62.2	[60,63)
52.5	53.8	[51,54)
56.3	54.4	[54,57)
49.6	45.6	[48,51)
78.4	72.1	[78,81)
32.6	35.5	[30,33)
67.1	65.5	[66,69)
43.1	41.1	[42,45)
72.7	71	[72,75)
40.5	42.6	[39,42)
50.2	53.4	[48,51)
57	58.5	[57,60)
45.6	48.3	[45,48)
71.9	66.7	[69,72)
37.2	45.1	[36,39)
57.2	60.5	[57,60)
71.6	69.5	[69,72)
60	66.6	[60,63)
50.5	48.2	[48,51)
64	73.7	[63,66)
74.8	74	[72,75)
61.7	50.8	[60,63)
64.8	72.8	[63,66)
45.1	45.7	[45,48)
73.6	73.2	[72,75)
44.1	36.1	[42,45)
34.6	28.6	[33,36)
43.5	34.4	[42,45)
41.6	42.3	[39,42)
53.9	51.1	[51,54)
34.1	30.8	[33,36)
32.6	32.5	[30,33)
38.1	31.9	[36,39)
30.6	32.9	[30,33)
23.5	33.3	[21,24)
70.5	64	[69,72)
29.6	29.5	[27,30)
62.3	66.8	[60,63)
55.7	52.3	[54,57)
51.8	53.6	[51,54)
50.3	32.8	[48,51)
52.1	56.5	[51,54)
35.6	36.4	[33,36)
70.5	74.3	[69,72)
43.3	50	[42,45)
74.9	71.9	[72,75)
53.2	51.9	[51,54)
72.4	75.1	[72,75)
70.3	72.3	[69,72)
54.5	51.4	[54,57)
79.1	66.9	[78,81)
46.7	59.6	[45,48)
69.6	75.9	[69,72)
57.5	56.3	[57,60)
25.2	28.1	[24,27)
36	31.5	[36,39)
57.1	60.9	[57,60)
65.9	64.8	[63,66)
42.5	52.5	[42,45)
72.7	71.2	[72,75)
65.2	65.2	[63,66)
39.2	39.5	[39,42)
31.8	38.4	[30,33)
74.5	72.1	[72,75)
47.8	50	[45,48)
73.3	74.9	[72,75)
67.7	69.7	[66,69)
47.6	43.7	[45,48)
61.2	56.3	[60,63)
53	66.3	[51,54)
69.9	69.5	[69,72)
45.2	50.7	[45,48)
45.1	50.2	[45,48)
74.2	79.7	[72,75)
52.2	53.6	[51,54)
55.6	58.9	[54,57)
47.5	51	[45,48)
69	64.8	[69,72)
59.4	57.6	[57,60)
70.4	66.4	[69,72)
65	68.4	[63,66)
51.8	53.9	[51,54)
46.9	44.8	[45,48)
60	51.2	[60,63)
22.7	29.1	[21,24)
37.5	35.3	[36,39)
45.7	52.2	[45,48)
45.9	41.7	[45,48)
64.2	72.7	[63,66)
29.9	33.9	[27,30)
49.5	50.9	[48,51)
60.5	67.3	[60,63)
58.3	51.6	[57,60)
69.9	75.7	[69,72)
35.8	45.6	[33,36)
65.4	68.4	[63,66)
46.1	40.1	[45,48)
55.6	51.8	[54,57)
55.8	49.8	[54,57)
63.9	65.2	[63,66)
63	75	[63,66)
37	32.7	[36,39)
69.4	64.6	[69,72)
50.5	45.7	[48,51)
62.5	65.1	[60,63)
37.3	35.2	[36,39)
52.5	49.5	[51,54)
50	50.1	[48,51)
58.8	51.1	[57,60)
58.8	73.2	[57,60)
55	57.2	[54,57)
18.2	28.2	[18,21)
58.9	64.5	[57,60)
32	32.7	[30,33)
32.9	29.8	[30,33)
43.5	30.7	[42,45)
55.3	54.5	[54,57)
43.5	41.5	[42,45)
48	44.6	[48,51)
48.4	48.2	[48,51)
46.1	39.2	[45,48)
54.1	61.4	[54,57)
42.9	37.3	[42,45)
65.4	67.4	[63,66)
74.8	71.5	[72,75)
28.5	28.9	[27,30)
60.4	65.3	[60,63)
63.9	66.1	[63,66)
61	64.2	[60,63)
31.9	34.2	[30,33)
65.4	69	[63,66)
67.4	64.6	[66,69)
60.5	51.7	[60,63)
54.6	61.8	[54,57)
76.5	73	[75,78)
41.2	41.3	[39,42)
34.6	31.5	[33,36)
27.7	31.2	[27,30)
49.7	47	[48,51)
26.3	30.7	[24,27)
40.3	36.4	[39,42)
24.8	23.4	[24,27)
54.8	50.9	[54,57)
56	64.2	[54,57)
55.4	58.7	[54,57)
76.8	75.5	[75,78)
74.9	74.8	[72,75)
71.8	74	[69,72)
34.9	34.1	[33,36)
48.7	48.5	[48,51)
25.1	31.8	[24,27)
56.4	52.4	[54,57)
71.2	69.1	[69,72)
54.1	48.3	[54,57)
68.7	76.4	[66,69)
43.3	40.9	[42,45)
62.2	68	[60,63)
22.5	29.2	[21,24)
56.7	53.3	[54,57)
58.7	55.3	[57,60)
43.1	47.1	[42,45)
53	44.1	[51,54)
63.6	64.8	[63,66)
73.9	72.4	[72,75)
52.9	54.3	[51,54)
31.5	37.2	[30,33)
59.9	58.1	[57,60)
60.7	62.4	[60,63)
59.5	57.9	[57,60)
62.9	52.6	[60,63)
44	53.3	[42,45)
74.8	70.5	[72,75)
32.4	31.4	[30,33)
44.4	48.4	[42,45)
62.5	72.5	[60,63)
51.3	49	[51,54)
66.3	69.4	[66,69)
48.7	46.8	[48,51)
51.9	52.9	[51,54)
28.8	32.1	[27,30)
38.8	38.2	[36,39)
38.9	34.7	[36,39)
61.2	64.6	[60,63)
36.1	50.8	[36,39)
67.6	67.7	[66,69)
62.7	60.2	[60,63)
70.1	69.6	[69,72)
47.9	45.8	[45,48)
56.2	60.7	[54,57)
65.7	71.1	[63,66)
56.1	58.8	[54,57)
34.3	53.1	[33,36)
46.9	49.2	[45,48)
35.9	30	[33,36)
47.2	41.8	[45,48)
67.8	76.7	[66,69)
72.1	68.9	[72,75)
57.1	51.1	[57,60)
74.1	69.6	[72,75)
44.8	47.8	[42,45)
41	41.5	[39,42)
66.3	71.1	[66,69)
30.6	39.8	[30,33)
53	55.9	[51,54)
52.9	53.8	[51,54)
76.6	68.1	[75,78)
43.6	51.3	[42,45)
66.6	75.2	[66,69)
48.9	52.5	[48,51)
44.7	34	[42,45)
75.9	72.2	[75,78)
69.8	70.4	[69,72)
54.5	55	[54,57)
61.5	69.8	[60,63)
55.3	68.1	[54,57)
71.1	72.1	[69,72)
44.1	55.6	[42,45)
46.8	47.2	[45,48)
45.4	42.4	[45,48)
51	55.6	[51,54)
79.9	71.9	[78,81)
28.4	29.8	[27,30)
66.1	65	[66,69)
47.5	46.6	[45,48)
51.4	49.8	[51,54)
50.5	53.1	[48,51)
63.8	67.6	[63,66)
81.1	73.9	[81,84)
38.9	33	[36,39)
23	28.6	[21,24)
20.2	25.4	[18,21)
68.8	74.5	[66,69)
35	39.5	[33,36)
42	42.3	[42,45)
60.2	70.4	[60,63)
76.7	73.1	[75,78)
51.9	47.9	[51,54)
32.9	38.5	[30,33)
31.6	34.5	[30,33)
70.3	75.9	[69,72)
74.4	75.8	[72,75)
54.1	49.5	[54,57)
44.8	44.1	[42,45)
72.7	70.6	[72,75)
38.7	34	[36,39)
41.6	49.6	[39,42)
35.6	37.9	[33,36)
47.6	53.3	[45,48)
65.7	68.5	[63,66)
61.5	58.2	[60,63)
73.5	69.2	[72,75)
65.8	62.3	[63,66)
69.5	70.2	[69,72)
33.4	34.5	[33,36)
31.9	30.8	[30,33)
56.8	47.8	[54,57)
77.7	73.3	[75,78)
66.1	69.8	[66,69)
46.5	46	[45,48)
45.8	44.8	[45,48)
45.7	42	[45,48)
43.1	53	[42,45)
29.7	31.3	[27,30)
73.7	80.5	[72,75)
67.1	72	[66,69)
44.2	46.7	[42,45)
37.3	34.1	[36,39)
27.9	34.8	[27,30)
57.1	50.4	[57,60)
71	67.7	[69,72)
60.7	56.6	[60,63)
48.6	45.5	[48,51)
36.4	39.4	[36,39)
56.3	57.2	[54,57)
47.6	53.5	[45,48)
46.7	44.2	[45,48)
56.5	55.6	[54,57)
44.8	51.1	[42,45)
62.7	74.2	[60,63)
44.4	35.8	[42,45)
58.5	49.7	[57,60)
77.9	72.6	[75,78)
32.5	36.5	[30,33)
48.9	55	[48,51)
53.3	48.8	[51,54)
65.9	58.1	[63,66)
67.8	68.5	[66,69)
53.7	54.5	[51,54)
55.7	54.1	[54,57)
72.3	70.4	[72,75)
39.4	39.6	[39,42)
29.9	33.7	[27,30)
54	47.8	[54,57)
59	70.8	[57,60)
73.4	73.5	[72,75)
45.6	44.1	[45,48)
40.1	37.8	[39,42)
59.5	65.4	[57,60)
76.7	73.5	[75,78)
51.3	52.2	[51,54)
42.7	48.1	[42,45)
63.2	63.3	[63,66)
58.5	53.3	[57,60)
44.2	39.6	[42,45)
72	67.6	[72,75)
70.4	66.1	[69,72)
18.2	19.9	[18,21)
55.8	55.8	[54,57)
80.3	74.5	[78,81)
31.1	30.5	[30,33)
41.2	53.4	[39,42)
61.1	74.4	[60,63)
60.6	60.6	[60,63)
24.8	24.6	[24,27)
65.2	63.4	[63,66)
53	63.6	[51,54)
52.8	46.6	[51,54)
55.8	61.1	[54,57)
54.5	56.7	[54,57)
46	49	[45,48)
48.4	51.8	[48,51)
22.1	33.8	[21,24)
49.6	52.1	[48,51)
79.2	71.2	[78,81)
48.5	52.9	[48,51)
44.7	51.3	[42,45)
66.6	67.2	[66,69)
53.1	50.4	[51,54)
30.6	34.6	[30,33)
60.1	48	[60,63)
59.5	52.7	[57,60)
63.1	74.1	[63,66)
38	40.1	[36,39)
37	34	[36,39)
55	53.3	[54,57)
70.7	78.2	[69,72)
60.1	70.4	[60,63)
48.9	42.7	[48,51)
53.5	48.9	[51,54)
64.9	73.2	[63,66)
27.7	28.3	[27,30)
61.8	53.3	[60,63)
42.6	43.4	[42,45)
31.1	34.3	[30,33)
60.5	66.3	[60,63)
53.4	50.2	[51,54)
42.9	38.6	[42,45)
62.4	64.9	[60,63)
63	69.5	[63,66)
43	49.6	[42,45)
52.1	55.6	[51,54)
29.4	36	[27,30)
58.9	52.6	[57,60)
75.7	75.9	[75,78)
66	68	[66,69)
54	55.1	[54,57)
50.5	54.6	[48,51)
25.8	25	[24,27)
59.3	67.7	[57,60)
56.6	57.2	[54,57)
59.9	57.5	[57,60)
46.1	56.4	[45,48)
46.6	44.4	[45,48)
60.4	68.1	[60,63)
59.6	67.9	[57,60)
45.5	48.5	[45,48)
45.9	54.2	[45,48)
41.3	40.3	[39,42)
40.5	45.8	[39,42)
27.4	22.9	[27,30)
50.6	47.3	[48,51)
75.9	69.2	[75,78)
51.8	52.1	[51,54)
47.1	49.4	[45,48)
50.6	41.6	[48,51)
43.1	36.8	[42,45)
51.3	51.5	[51,54)
66.9	76	[66,69)
51.6	48.3	[51,54)
63.7	55.6	[63,66)
65.3	66.1	[63,66)
49.4	54.1	[48,51)
65	68.7	[63,66)
45.7	46.6	[45,48)
28.3	25.3	[27,30)
35	42	[33,36)
54.1	56	[54,57)
62.5	72.8	[60,63)
77.4	75.6	[75,78)
49.9	46.6	[48,51)
61.8	67.5	[60,63)
72.2	70.2	[72,75)
58.9	66.6	[57,60)
63.6	66.4	[63,66)
47.9	49.4	[45,48)
30.2	33.2	[30,33)
31.5	33.4	[30,33)
43	38.8	[42,45)
61	51.5	[60,63)
48.2	56.4	[48,51)
57.4	53.3	[57,60)
36.6	49.6	[36,39)
68.1	69.7	[66,69)
67	67.7	[66,69)
45.5	52.5	[45,48)
49.8	62.1	[48,51)
39.7	40	[39,42)
51.5	59.7	[51,54)
55.4	46.4	[54,57)
20.8	27.5	[18,21)
31.2	27.9	[30,33)
51.5	46.6	[51,54)
68.7	63.5	[66,69)
49.6	49.9	[48,51)
28.2	29.3	[27,30)
41.1	43.4	[39,42)
73.8	73.5	[72,75)
63.2	71.5	[63,66)
45.7	49.5	[45,48)
37.8	43.9	[36,39)
47.5	53.2	[45,48)
64.3	74.6	[63,66)
45.3	57.3	[45,48)
56.7	60.3	[54,57)
63.5	68.6	[63,66)
51	55.2	[51,54)
30.6	25	[30,33)
59.6	51.2	[57,60)
22	27.8	[21,24)
75.5	73.1	[75,78)
30	33	[30,33)
43.7	54	[42,45)
51.6	53.6	[51,54)
48.9	51.1	[48,51)
62.8	59.3	[60,63)
59.2	50.2	[57,60)
49.4	49.3	[48,51)
72.7	76.1	[72,75)
41	54.4	[39,42)
55.6	56.3	[54,57)
43.6	44.9	[42,45)
65.8	71.2	[63,66)
42.2	37.2	[42,45)
75.9	68.1	[75,78)
46.1	50.2	[45,48)
58.7	48.6	[57,60)
68.8	70	[66,69)
25.9	27	[24,27)
59.3	58.7	[57,60)
59.1	61.3	[57,60)
49	52.1	[48,51)
36.9	35.9	[36,39)
22.7	34.4	[21,24)
65	74.6	[63,66)
75.3	71.6	[75,78)
42.3	40.7	[42,45)
45.5	41.8	[45,48)
32.1	38.7	[30,33)
62.1	60.4	[60,63)
70.6	74.3	[69,72)
54.7	55.7	[54,57)
68.9	70.2	[66,69)
35.2	36.4	[33,36)
33.1	41.4	[33,36)
49.9	44.4	[48,51)
46.2	45.8	[45,48)
55.4	48.5	[54,57)
73	73	[72,75)
73	67.1	[72,75)
37.4	41.7	[36,39)
48.3	49.3	[48,51)
37.5	34.4	[36,39)
50.9	57.2	[48,51)
19.7	26.1	[18,21)
72.2	74.7	[72,75)
34.4	34.1	[33,36)
61.4	63.5	[60,63)
55.4	52.1	[54,57)
46.6	38.7	[45,48)
50.3	50.1	[48,51)
78.8	76.9	[78,81)
60.9	53.7	[60,63)
52.4	56.4	[51,54)
67.7	69.8	[66,69)
68.7	65.4	[66,69)
49.5	46.9	[48,51)
41	32.8	[39,42)
77	73.7	[75,78)
48.5	47.5	[48,51)
56	69.2	[54,57)
61.8	54.8	[60,63)
26.9	26.5	[24,27)
73.3	70.6	[72,75)
80	74.8	[78,81)
58.6	66.6	[57,60)
63.5	68.5	[63,66)
27.6	26.9	[27,30)
40.2	31.3	[39,42)
59.1	62.9	[57,60)
69.5	68	[69,72)
73.5	73.6	[72,75)
59.8	61.6	[57,60)
45.2	46	[45,48)
51.2	38.6	[51,54)
57.9	62.7	[57,60)
47.6	35.2	[45,48)
51.8	52.3	[51,54)
52.3	47.5	[51,54)
41.2	34.7	[39,42)
69.1	67.5	[69,72)
48.5	48.8	[48,51)
39.5	50	[39,42)
57.3	72.1	[57,60)
58.6	60.4	[57,60)
52.4	48	[51,54)
28.3	30.7	[27,30)
36.8	38.1	[36,39)
53.6	46	[51,54)
65.4	64.1	[63,66)
71	66.2	[69,72)
47.7	40.8	[45,48)
53.9	55.1	[51,54)
54.6	48.7	[54,57)
59.7	54.8	[57,60)
43.3	42.1	[42,45)
53.8	51.2	[51,54)
57.7	56.8	[57,60)
48.1	51.3	[48,51)
56.6	42.5	[54,57)
72.2	68.2	[72,75)
