CA	organ_age	Age_group
38.7	32.5	[36,39)
45.8	54.6	[45,48)
61.8	62.2	[60,63)
58.2	50.4	[57,60)
45.1	49.6	[45,48)
53.5	49	[51,54)
36.5	41.5	[36,39)
54.5	58.6	[54,57)
65.1	69.9	[63,66)
45.2	43.3	[45,48)
66.9	60.2	[66,69)
36.2	38.3	[36,39)
42.6	52.7	[42,45)
74.3	70.5	[72,75)
19.1	29.3	[18,21)
38.6	36.7	[36,39)
50.8	46.2	[48,51)
47	45.9	[45,48)
47	50.4	[45,48)
75.4	73.2	[75,78)
66.8	59.8	[66,69)
36.8	39.8	[36,39)
60.3	65.5	[60,63)
64.7	66	[63,66)
43.2	48.5	[42,45)
35.7	32.2	[33,36)
59	57.1	[57,60)
48.6	50.4	[48,51)
31.8	34.7	[30,33)
39.8	46.4	[39,42)
43.4	45.3	[42,45)
60.3	66.5	[60,63)
49.1	54.7	[48,51)
58.3	53.5	[57,60)
56.5	62.5	[54,57)
29	36	[27,30)
52.9	53.2	[51,54)
41.6	30.9	[39,42)
47.9	54.4	[45,48)
32.7	22.6	[30,33)
57	61.8	[57,60)
23.6	20.3	[21,24)
66.5	71.2	[66,69)
78.4	74.7	[78,81)
39.3	45.6	[39,42)
30.7	29.9	[30,33)
48.1	50.3	[48,51)
58.3	61.6	[57,60)
65.6	68.3	[63,66)
30.9	33.8	[30,33)
67.7	70.7	[66,69)
29.7	35.4	[27,30)
48.6	48.3	[48,51)
50.5	50.5	[48,51)
49.4	51.2	[48,51)
70.4	72.3	[69,72)
55	71	[54,57)
48.7	43.4	[48,51)
21.5	24.3	[21,24)
56.4	48.2	[54,57)
51.1	46.4	[51,54)
71.1	73.8	[69,72)
61.3	58.5	[60,63)
60.2	57.6	[60,63)
49.7	43.3	[48,51)
69.2	69.7	[69,72)
61.3	55.8	[60,63)
78.5	70.6	[78,81)
64	54.6	[63,66)
51.3	58.3	[51,54)
70.7	70.6	[69,72)
47.1	50.1	[45,48)
27.9	29.6	[27,30)
61.6	61.7	[60,63)
29	37.7	[27,30)
48.3	49.7	[48,51)
64.3	59.9	[63,66)
51.7	55.3	[51,54)
35.2	30.7	[33,36)
59.5	53.5	[57,60)
60.5	61.1	[60,63)
33.8	34.7	[33,36)
32.3	27.4	[30,33)
70.4	75.1	[69,72)
29	30.9	[27,30)
41.4	35.1	[39,42)
46.2	41.2	[45,48)
75.8	67.4	[75,78)
44.9	40.9	[42,45)
71.4	74.1	[69,72)
75.2	73.7	[75,78)
68.1	71.1	[66,69)
53.3	54.3	[51,54)
43	51.8	[42,45)
59	67.2	[57,60)
26.4	36.5	[24,27)
40.8	41.8	[39,42)
65.5	60.8	[63,66)
63.3	60.7	[63,66)
54.7	53.5	[54,57)
55.6	55.4	[54,57)
31.4	30.8	[30,33)
62	70	[60,63)
49.3	48.5	[48,51)
46.6	35.9	[45,48)
26.8	34.7	[24,27)
30	35	[30,33)
55.4	55.8	[54,57)
71.6	74	[69,72)
49.9	62.2	[48,51)
57.6	54.9	[57,60)
67.2	65.2	[66,69)
75.8	70.8	[75,78)
32.9	41.4	[30,33)
30.1	30.6	[30,33)
48.2	41.7	[48,51)
41.2	44.2	[39,42)
23.3	27.6	[21,24)
66.9	64	[66,69)
52.7	53	[51,54)
32.8	33.3	[30,33)
51.8	45.8	[51,54)
39.1	38.2	[39,42)
54.7	50.3	[54,57)
50.6	53.8	[48,51)
48.9	52.9	[48,51)
26.9	26.9	[24,27)
49.4	51.5	[48,51)
40	37.9	[39,42)
63.6	75.8	[63,66)
50.6	45	[48,51)
56.5	60.3	[54,57)
36.3	30.5	[36,39)
81.2	76.2	[81,84)
48.6	57	[48,51)
41.5	37.3	[39,42)
33.6	37.8	[33,36)
40.3	35.5	[39,42)
81.1	68	[81,84)
54.8	52.6	[54,57)
70.6	78	[69,72)
39.8	39.3	[39,42)
67.4	66.2	[66,69)
59.7	62.6	[57,60)
27.8	23.6	[27,30)
43.9	43.8	[42,45)
73.1	65.9	[72,75)
70.8	71	[69,72)
54.5	50.9	[54,57)
48.1	45.4	[48,51)
67.4	64.6	[66,69)
55.6	52.6	[54,57)
34.4	39.6	[33,36)
42.7	54.6	[42,45)
33.7	37.2	[33,36)
46.7	51.3	[45,48)
44	33.6	[42,45)
41.9	49	[39,42)
25	25.4	[24,27)
48.1	49.2	[48,51)
36	29.8	[36,39)
30.5	29.5	[30,33)
72.8	69.1	[72,75)
43.3	40.7	[42,45)
56	57.2	[54,57)
70.5	68.5	[69,72)
56.6	60	[54,57)
73.4	71.3	[72,75)
84.1	72.6	[84,87)
44.6	43.7	[42,45)
40.6	42.6	[39,42)
46.4	51.1	[45,48)
50.6	40.8	[48,51)
37.9	40.6	[36,39)
49	51.4	[48,51)
42	35.7	[42,45)
47.6	51.2	[45,48)
47.1	48	[45,48)
26.5	33.8	[24,27)
61.6	67.9	[60,63)
57.5	64.5	[57,60)
42.2	48.9	[42,45)
55	51.5	[54,57)
47.1	56.5	[45,48)
42.6	48.2	[42,45)
71.7	71.1	[69,72)
47.6	42.7	[45,48)
59.2	57.2	[57,60)
30.9	35.3	[30,33)
37.4	36.3	[36,39)
70.2	72.5	[69,72)
35	29.9	[33,36)
56.2	51.7	[54,57)
52.4	51.2	[51,54)
75.5	67.3	[75,78)
57	66.3	[57,60)
79.9	77.4	[78,81)
74	73.7	[72,75)
41.8	43.7	[39,42)
57.4	49.6	[57,60)
66.1	70.2	[66,69)
69.4	60.4	[69,72)
50.4	51.3	[48,51)
48.7	53	[48,51)
38.2	46.9	[36,39)
51.3	45.5	[51,54)
62.6	68.6	[60,63)
49.3	50.2	[48,51)
33.4	36.9	[33,36)
45.9	51.1	[45,48)
58.5	60.1	[57,60)
22.3	32.9	[21,24)
50.8	39.4	[48,51)
33.4	38.8	[33,36)
68.7	65.3	[66,69)
51.6	51.1	[51,54)
36.2	33.9	[36,39)
40	43.7	[39,42)
68.7	73.3	[66,69)
60.3	50	[60,63)
48.6	51.4	[48,51)
42	58.7	[42,45)
45.7	46.8	[45,48)
56.6	49.1	[54,57)
31.6	32.4	[30,33)
55.6	48.5	[54,57)
76.5	75	[75,78)
31.4	35.6	[30,33)
74	76.7	[72,75)
48.1	48.1	[48,51)
36	34.1	[36,39)
47.2	40.6	[45,48)
63.9	62.1	[63,66)
45.3	39.4	[45,48)
57.7	49	[57,60)
65.8	69.4	[63,66)
30.6	32.7	[30,33)
19.9	26.2	[18,21)
31.3	27.9	[30,33)
39.2	46.8	[39,42)
47.9	55.9	[45,48)
68.3	75.3	[66,69)
59.5	50.3	[57,60)
45.7	41.8	[45,48)
37.2	38.1	[36,39)
54.9	50.2	[54,57)
44.1	43.9	[42,45)
32.4	34.7	[30,33)
36.5	29.8	[36,39)
49.7	49.2	[48,51)
69.8	68.9	[69,72)
58.4	46.3	[57,60)
46.2	40.2	[45,48)
71.1	66.7	[69,72)
62.1	68.2	[60,63)
49.4	52.4	[48,51)
40.1	42.9	[39,42)
71.6	75.2	[69,72)
21.2	37.6	[21,24)
45.4	48.7	[45,48)
56.4	59.7	[54,57)
49.6	45.9	[48,51)
75.1	77.8	[75,78)
50	48.8	[48,51)
56.6	49.4	[54,57)
70.2	62.1	[69,72)
57	57.5	[57,60)
55.5	54.6	[54,57)
38.6	39.5	[36,39)
69.7	63.6	[69,72)
58.6	63.3	[57,60)
74.1	66.9	[72,75)
56.6	65.1	[54,57)
55.1	55.7	[54,57)
72.9	70.7	[72,75)
73.4	71	[72,75)
58.2	67.2	[57,60)
65.1	65.5	[63,66)
62.1	69.3	[60,63)
71.8	75.7	[69,72)
52.6	49.6	[51,54)
40.3	31.6	[39,42)
62.9	58.7	[60,63)
65.6	69.2	[63,66)
24.5	20.4	[24,27)
33.6	30.4	[33,36)
39	34.5	[39,42)
54	54	[54,57)
41.2	42.5	[39,42)
60.6	57	[60,63)
64.6	68	[63,66)
70	76.7	[69,72)
56.8	46.7	[54,57)
61.2	67.1	[60,63)
70.3	71.1	[69,72)
65.3	62.9	[63,66)
61.2	62.8	[60,63)
29.2	32.4	[27,30)
36.7	38.8	[36,39)
66.3	70.9	[66,69)
50.6	54.9	[48,51)
55.5	50.8	[54,57)
61.6	53.1	[60,63)
74	76.1	[72,75)
38.6	42.6	[36,39)
39.5	45.2	[39,42)
72.7	68	[72,75)
53.8	58.3	[51,54)
39	37.8	[39,42)
54.3	54.8	[54,57)
59.5	51	[57,60)
77.7	70	[75,78)
50	49.3	[48,51)
45.3	36.3	[45,48)
70.8	61.7	[69,72)
56.5	58.3	[54,57)
63	63.3	[63,66)
34.9	40.4	[33,36)
28.2	27.6	[27,30)
73.2	72.7	[72,75)
46.2	43.3	[45,48)
48.6	48.8	[48,51)
32.1	38.6	[30,33)
59.7	53.1	[57,60)
19.4	36	[18,21)
63.6	69	[63,66)
35.4	40.6	[33,36)
35.1	30.3	[33,36)
78.7	74.1	[78,81)
54.8	48.5	[54,57)
47.4	48.2	[45,48)
70.8	71.3	[69,72)
44.5	39.5	[42,45)
65.9	65.6	[63,66)
24.1	30	[24,27)
75.4	67.2	[75,78)
70.6	69.7	[69,72)
73	78.2	[72,75)
70.4	72.2	[69,72)
38.9	40.8	[36,39)
54.6	51.8	[54,57)
41.3	37.1	[39,42)
51.5	42.4	[51,54)
72.2	71.5	[72,75)
43.1	45.8	[42,45)
61.2	53.4	[60,63)
62.7	64	[60,63)
71.5	74.1	[69,72)
27.7	32.2	[27,30)
58.9	57.5	[57,60)
25.7	32.4	[24,27)
73.6	63.1	[72,75)
47.7	39.6	[45,48)
32.6	27.7	[30,33)
73.8	70	[72,75)
53.3	54.1	[51,54)
44	44.6	[42,45)
51.9	60.7	[51,54)
68.7	70.7	[66,69)
66	74.7	[66,69)
32.2	27.8	[30,33)
46.2	52.5	[45,48)
34.3	42.8	[33,36)
37.7	37.1	[36,39)
37.9	35.4	[36,39)
33.9	35.6	[33,36)
30.2	21.5	[30,33)
40.8	40.4	[39,42)
45.2	51	[45,48)
40.6	51	[39,42)
78.2	76.2	[78,81)
57.2	71.4	[57,60)
46.5	44.4	[45,48)
58.9	48.2	[57,60)
60.7	61.7	[60,63)
68.8	60.6	[66,69)
37.8	43.9	[36,39)
44.3	53.6	[42,45)
34.8	29.1	[33,36)
68.9	73.2	[66,69)
62.4	64.5	[60,63)
38.5	34.3	[36,39)
76.9	68.6	[75,78)
47.5	38.2	[45,48)
65.5	66.5	[63,66)
56.2	77.4	[54,57)
27.9	33.3	[27,30)
39.1	39.8	[39,42)
45.3	52.5	[45,48)
69.4	68.1	[69,72)
34.1	33.6	[33,36)
54.3	61	[54,57)
65.7	70.8	[63,66)
56.5	62.1	[54,57)
44.1	51.2	[42,45)
42.2	45.9	[42,45)
42.9	41.3	[42,45)
35.4	31.9	[33,36)
60.1	53.6	[60,63)
60	72.7	[60,63)
49.3	54.4	[48,51)
44.6	39.7	[42,45)
46.4	47.4	[45,48)
62.1	61.8	[60,63)
50.7	51.4	[48,51)
34.4	34.4	[33,36)
62.7	64.6	[60,63)
65.6	75.5	[63,66)
74	69.6	[72,75)
25	24.8	[24,27)
62.6	64.2	[60,63)
44.8	53	[42,45)
51.8	44.6	[51,54)
45.2	44.8	[45,48)
51.3	54.2	[51,54)
72.1	71.8	[72,75)
38.8	51.3	[36,39)
40.5	41.7	[39,42)
57.2	48.9	[57,60)
42.6	46.9	[42,45)
35.6	41	[33,36)
19.6	26.5	[18,21)
54.7	54.9	[54,57)
41.3	49.2	[39,42)
55.6	56.7	[54,57)
45.3	46.2	[45,48)
21.7	31.8	[21,24)
68	66.6	[66,69)
33	34	[33,36)
59.6	45.7	[57,60)
40.9	38.3	[39,42)
35.4	29.4	[33,36)
65.2	67.5	[63,66)
46.6	47	[45,48)
29.5	30.8	[27,30)
40.9	39.4	[39,42)
60	54.4	[60,63)
59	52.9	[57,60)
50.9	55.1	[48,51)
47.8	46.9	[45,48)
32.1	31.6	[30,33)
29.8	27.5	[27,30)
56.5	63.7	[54,57)
29.9	31.4	[27,30)
73.3	70.7	[72,75)
65.8	74.9	[63,66)
65.4	71.3	[63,66)
53.1	48.1	[51,54)
51.6	64.4	[51,54)
37.4	43.3	[36,39)
46.3	45.8	[45,48)
48.9	50.9	[48,51)
54.3	55.4	[54,57)
34.4	34.9	[33,36)
67.7	70	[66,69)
83.4	67.7	[81,84)
67.1	71.2	[66,69)
65	62.2	[63,66)
51.1	52.9	[51,54)
71.7	74	[69,72)
33.1	40.6	[33,36)
54.3	65.2	[54,57)
67.2	67.5	[66,69)
55	51.9	[54,57)
47.3	45.9	[45,48)
51.2	48.4	[51,54)
60.6	63.2	[60,63)
63.2	74	[63,66)
41.6	44	[39,42)
65	50	[63,66)
50.8	45.5	[48,51)
54.9	52.8	[54,57)
55.8	58.9	[54,57)
33.6	42	[33,36)
71.8	71.6	[69,72)
62.1	57.2	[60,63)
50.6	47.7	[48,51)
53.4	49.3	[51,54)
68.7	64	[66,69)
77.3	70.4	[75,78)
71.3	73.7	[69,72)
57.8	59.1	[57,60)
55	53.4	[54,57)
51.7	48.6	[51,54)
65.7	68.7	[63,66)
74.1	70.6	[72,75)
58.8	61.3	[57,60)
40.7	40.8	[39,42)
78.5	73.5	[78,81)
74.4	65.4	[72,75)
71.7	75	[69,72)
52.3	41.1	[51,54)
64.2	70.1	[63,66)
41.8	44.1	[39,42)
61.1	67.4	[60,63)
55.6	57.4	[54,57)
66.9	76.2	[66,69)
28.8	26.3	[27,30)
38.8	35.5	[36,39)
43	38.2	[42,45)
61.5	63.2	[60,63)
58.9	68.5	[57,60)
56.6	55.2	[54,57)
39.1	45.3	[39,42)
32.2	30.4	[30,33)
45.1	42.4	[45,48)
67.6	74.1	[66,69)
72.5	68.1	[72,75)
39.4	31.6	[39,42)
41.9	44.7	[39,42)
53.4	50.8	[51,54)
38.6	39.8	[36,39)
70.9	69.4	[69,72)
49.1	45	[48,51)
61	61.2	[60,63)
75.2	73.7	[75,78)
26.1	21.3	[24,27)
28.8	30	[27,30)
72.8	74.7	[72,75)
59.8	62.5	[57,60)
41.4	43.2	[39,42)
64.3	38.3	[63,66)
35.6	41.1	[33,36)
74	73.8	[72,75)
67.3	71.6	[66,69)
63.1	65.1	[63,66)
36.7	28.5	[36,39)
30.6	26.5	[30,33)
57.2	61.3	[57,60)
28.1	31.6	[27,30)
49.8	53.2	[48,51)
42.4	51.9	[42,45)
53.7	55.4	[51,54)
76.8	72.2	[75,78)
21.2	21.5	[21,24)
51.1	46.2	[51,54)
46.1	51.3	[45,48)
46	52.5	[45,48)
74.4	74	[72,75)
31.9	34.3	[30,33)
32.6	36.7	[30,33)
42.5	37.8	[42,45)
53.9	63.1	[51,54)
43.1	47.9	[42,45)
48.8	47.8	[48,51)
26.4	29.4	[24,27)
55.6	45.3	[54,57)
28.3	28	[27,30)
28	36.3	[27,30)
24.6	23	[24,27)
60.5	53.3	[60,63)
53.9	51.6	[51,54)
44.2	47.9	[42,45)
52.8	49.2	[51,54)
65.8	48.4	[63,66)
46.5	41.3	[45,48)
55	50.1	[54,57)
70.9	71.5	[69,72)
58.2	49.8	[57,60)
49.1	53	[48,51)
52.5	61.1	[51,54)
35.8	33.3	[33,36)
66.8	73.5	[66,69)
59.4	66.9	[57,60)
47.1	37.9	[45,48)
55.6	52.4	[54,57)
64.3	63.1	[63,66)
73.7	69.4	[72,75)
70.2	59.9	[69,72)
49.8	45	[48,51)
44.6	44.9	[42,45)
53.1	52	[51,54)
62.8	59.2	[60,63)
52.2	48.7	[51,54)
46.1	50.4	[45,48)
67.2	54.8	[66,69)
45.8	47.4	[45,48)
73.6	65.4	[72,75)
73.3	71.6	[72,75)
53.2	48.2	[51,54)
66.5	60.4	[66,69)
59.1	54.3	[57,60)
66.3	69.6	[66,69)
59.2	54.3	[57,60)
34.1	34.3	[33,36)
70.5	74.1	[69,72)
70.3	64.2	[69,72)
35.7	30.1	[33,36)
58.3	71.8	[57,60)
69.1	71.2	[69,72)
43.3	42.3	[42,45)
37.7	33.4	[36,39)
81.7	75.7	[81,84)
38.5	42.1	[36,39)
67.1	73.2	[66,69)
35.3	37.2	[33,36)
29.4	37.3	[27,30)
51.3	54.4	[51,54)
55.2	55.8	[54,57)
62.2	58	[60,63)
55.4	53.6	[54,57)
52.3	50.6	[51,54)
63.4	50.3	[63,66)
68.4	70.9	[66,69)
43.5	47	[42,45)
43.9	40.1	[42,45)
52.4	56.5	[51,54)
41.6	39.1	[39,42)
49.1	50.8	[48,51)
58.6	55.4	[57,60)
61.4	52.7	[60,63)
79.1	72.6	[78,81)
70.4	78.3	[69,72)
54	50.7	[54,57)
51.1	51.3	[51,54)
48.7	44.1	[48,51)
21.7	20.8	[21,24)
68.3	66.4	[66,69)
64.4	57.6	[63,66)
72.4	72.4	[72,75)
66.9	70.1	[66,69)
76.4	68.1	[75,78)
75.9	76.6	[75,78)
51.7	47.2	[51,54)
51.1	44.4	[51,54)
80.1	75.2	[78,81)
47.3	49.4	[45,48)
44.7	43.2	[42,45)
62	51.4	[60,63)
72.2	67.4	[72,75)
69.6	62.3	[69,72)
49.9	50.8	[48,51)
70.7	68	[69,72)
48.7	49.3	[48,51)
70.2	65.4	[69,72)
36.7	33.3	[36,39)
31.4	31.7	[30,33)
31.6	33	[30,33)
43.2	33	[42,45)
78	70.8	[78,81)
59.2	64.6	[57,60)
41.3	35.7	[39,42)
46.5	56.8	[45,48)
48.6	47.3	[48,51)
42.5	50.3	[42,45)
44.9	42.3	[42,45)
53.3	47.8	[51,54)
46.8	42.9	[45,48)
67.2	62.6	[66,69)
41.2	40	[39,42)
53.1	57.5	[51,54)
53.6	51.6	[51,54)
36.2	32.7	[36,39)
55.3	61.1	[54,57)
71.6	72.4	[69,72)
59	52.2	[57,60)
54.9	63.8	[54,57)
45.1	47	[45,48)
58	49.9	[57,60)
61.3	63.2	[60,63)
41	43.5	[39,42)
36.5	30.1	[36,39)
60.4	58.4	[60,63)
53.5	64.1	[51,54)
71.3	68.3	[69,72)
47.2	37.7	[45,48)
47	46.7	[45,48)
53	63.1	[51,54)
59.7	60.8	[57,60)
44.2	39.7	[42,45)
34.3	39.6	[33,36)
55.3	53.9	[54,57)
67.1	69.8	[66,69)
25.3	33.1	[24,27)
76.2	74.9	[75,78)
31.3	37.1	[30,33)
39.5	37.1	[39,42)
53.4	57.5	[51,54)
58.9	54.4	[57,60)
30.4	37.5	[30,33)
51	48.1	[51,54)
50.9	50.1	[48,51)
80.4	70.2	[78,81)
76.7	74.6	[75,78)
39.8	42.5	[39,42)
66.7	70.2	[66,69)
21.3	23.6	[21,24)
45	41.1	[45,48)
47.5	51.3	[45,48)
37.3	39.1	[36,39)
51.2	54.8	[51,54)
72.1	73.6	[72,75)
66.3	77.9	[66,69)
20.5	22.5	[18,21)
46.5	49.8	[45,48)
45.4	45.4	[45,48)
53.3	46.1	[51,54)
26.9	26.8	[24,27)
54.8	54.6	[54,57)
75.7	74.9	[75,78)
33.9	40.9	[33,36)
76.4	66.1	[75,78)
81.2	70.5	[81,84)
47	47.2	[45,48)
54.6	50	[54,57)
63.6	49.9	[63,66)
59.1	60.2	[57,60)
25.1	23.9	[24,27)
61.8	50.1	[60,63)
34	34.6	[33,36)
56.4	51.5	[54,57)
36.7	31.8	[36,39)
75.4	72.5	[75,78)
37.4	34.8	[36,39)
51.3	39.1	[51,54)
43.3	44.7	[42,45)
54.7	52.7	[54,57)
60.4	67.5	[60,63)
37.6	43.2	[36,39)
62.6	63.4	[60,63)
40	48.8	[39,42)
67.2	68.4	[66,69)
43	38.1	[42,45)
41.1	50.3	[39,42)
54.7	49.4	[54,57)
51.9	57.7	[51,54)
36.2	37.2	[36,39)
58.4	57	[57,60)
59.8	62.5	[57,60)
42.7	40	[42,45)
73.3	67.7	[72,75)
31.4	32.4	[30,33)
69.8	69.9	[69,72)
43.3	43.3	[42,45)
35.9	37	[33,36)
31.7	36.8	[30,33)
59.6	54.7	[57,60)
67	68.5	[66,69)
68.8	64.2	[66,69)
45.9	47.7	[45,48)
33.1	37.2	[33,36)
69.9	71.3	[69,72)
69.5	70.7	[69,72)
63.2	61.4	[63,66)
70.1	73.5	[69,72)
66.9	66.1	[66,69)
43.8	47.1	[42,45)
53.2	54	[51,54)
51	50	[51,54)
72.5	71.9	[72,75)
36.2	35.3	[36,39)
39	45.2	[39,42)
44.5	33	[42,45)
80.4	73	[78,81)
34.1	35.2	[33,36)
30.5	30.6	[30,33)
39.5	41.6	[39,42)
41	35.8	[39,42)
38.2	27.8	[36,39)
33.6	37.4	[33,36)
67.5	66.6	[66,69)
70.7	73.3	[69,72)
73.9	69.3	[72,75)
65.3	58.6	[63,66)
55.9	54.1	[54,57)
63.1	68.4	[63,66)
54.1	56.3	[54,57)
41.8	42.4	[39,42)
60.6	60.6	[60,63)
61.6	52	[60,63)
65.7	56.3	[63,66)
75.3	71.4	[75,78)
50.1	43.4	[48,51)
71.9	67	[69,72)
28	27.1	[27,30)
29.5	23	[27,30)
38.5	41.1	[36,39)
50.1	46.1	[48,51)
73	71.9	[72,75)
45.7	43.7	[45,48)
77	70.8	[75,78)
32.9	32.5	[30,33)
73.5	74.3	[72,75)
72.1	70.4	[72,75)
40	44.4	[39,42)
35.8	43.9	[33,36)
53.9	48.4	[51,54)
61.1	58.8	[60,63)
58.5	59.1	[57,60)
47.1	41	[45,48)
48.7	49.4	[48,51)
60.5	60.4	[60,63)
78.8	74.4	[78,81)
38.1	40.2	[36,39)
60.2	57.7	[60,63)
52.5	49.7	[51,54)
70.9	73.8	[69,72)
64.8	60.2	[63,66)
44.1	50.2	[42,45)
52.5	49	[51,54)
33.5	34.3	[33,36)
34.2	37.7	[33,36)
60.4	57.4	[60,63)
32.9	23.3	[30,33)
59.9	58.6	[57,60)
59.4	49.3	[57,60)
59.1	60.4	[57,60)
44.1	44.6	[42,45)
43.5	29.7	[42,45)
19.4	24.7	[18,21)
28.7	29.3	[27,30)
47.3	46.8	[45,48)
54.2	45.7	[54,57)
59.3	56.2	[57,60)
35.1	31	[33,36)
71	66.2	[69,72)
21	24.7	[21,24)
71.5	73.1	[69,72)
48	40.7	[48,51)
76	76.6	[75,78)
30	24.4	[30,33)
70.6	70.7	[69,72)
49.3	41.6	[48,51)
43.9	42.8	[42,45)
70.2	61.4	[69,72)
42.8	37.2	[42,45)
50.7	57.6	[48,51)
38.5	35.8	[36,39)
36.1	32.2	[36,39)
48.5	51.1	[48,51)
41	42.1	[39,42)
31	36.4	[30,33)
52.3	55	[51,54)
73.8	72.6	[72,75)
60.5	67.4	[60,63)
72	72.6	[72,75)
53.8	52.2	[51,54)
51.5	49.5	[51,54)
55.5	61.4	[54,57)
54.3	66.1	[54,57)
50.3	46.6	[48,51)
57.3	69	[57,60)
67.8	66.6	[66,69)
42.8	45.6	[42,45)
72.2	68.4	[72,75)
46.7	53	[45,48)
69.2	72.4	[69,72)
33.9	47	[33,36)
44.3	48.8	[42,45)
70.7	72.4	[69,72)
52.7	64	[51,54)
67.3	68	[66,69)
73.4	71.8	[72,75)
30.8	30.5	[30,33)
47.1	41	[45,48)
31.8	28.7	[30,33)
51.9	52.4	[51,54)
61.2	65.6	[60,63)
75.5	72	[75,78)
40	35.7	[39,42)
44.6	43.8	[42,45)
69	74.6	[69,72)
73.8	74.4	[72,75)
70.8	60.6	[69,72)
49.1	52.3	[48,51)
64.8	62.8	[63,66)
53.5	46	[51,54)
57.8	53	[57,60)
34.5	33.6	[33,36)
53.2	39.5	[51,54)
50.5	49.8	[48,51)
40.3	38.2	[39,42)
58.4	56.9	[57,60)
50.6	54.7	[48,51)
64.9	58.3	[63,66)
33.7	36.6	[33,36)
36.3	31.4	[36,39)
45	52.7	[45,48)
42.3	33.3	[42,45)
67.7	72.5	[66,69)
76.1	70.3	[75,78)
55	67.2	[54,57)
40	37.8	[39,42)
40	39.4	[39,42)
58.7	49	[57,60)
59.8	62.5	[57,60)
52	54.2	[51,54)
43.1	43.8	[42,45)
51.3	50.1	[51,54)
70.2	71.5	[69,72)
67.1	64.9	[66,69)
57	47.8	[57,60)
53.7	55.3	[51,54)
69.4	69.7	[69,72)
71.8	68.9	[69,72)
72.8	78.8	[72,75)
31.5	33	[30,33)
29.6	24.4	[27,30)
75.8	69.8	[75,78)
57.1	54.4	[57,60)
39.8	38.3	[39,42)
44.6	43.4	[42,45)
36.4	30.3	[36,39)
45.2	44.8	[45,48)
64	55.3	[63,66)
34	33	[33,36)
66.1	71.4	[66,69)
27	25.9	[27,30)
41.3	49.6	[39,42)
48.2	56.4	[48,51)
71.2	71.4	[69,72)
60.3	56.9	[60,63)
53.3	59.2	[51,54)
55	52.2	[54,57)
61.9	53.2	[60,63)
46.3	42.2	[45,48)
47.7	50.5	[45,48)
49.3	61.7	[48,51)
67.4	65.9	[66,69)
47.9	53.6	[45,48)
63.6	61.7	[63,66)
56.9	48.1	[54,57)
30.5	32.9	[30,33)
30.5	32.9	[30,33)
51.3	54.2	[51,54)
64.6	67.9	[63,66)
37.6	40	[36,39)
53.3	51.7	[51,54)
65.7	66	[63,66)
49.1	48.2	[48,51)
36.4	30.2	[36,39)
75.7	72.7	[75,78)
62.8	66.4	[60,63)
50.3	51.3	[48,51)
52.7	53	[51,54)
62.4	56.2	[60,63)
49.1	56	[48,51)
28.9	36.8	[27,30)
21.3	31.1	[21,24)
54.7	61.9	[54,57)
28	32.3	[27,30)
59.3	49.7	[57,60)
67.2	69.8	[66,69)
49	51.4	[48,51)
67	66.5	[66,69)
61.8	63.4	[60,63)
69.9	69.6	[69,72)
37.4	35	[36,39)
37.9	31.3	[36,39)
61.6	69.2	[60,63)
44.7	51.3	[42,45)
40.3	37.8	[39,42)
64.2	67.2	[63,66)
52	49.9	[51,54)
65.5	72.7	[63,66)
64.3	67.1	[63,66)
39.4	30.5	[39,42)
37	45.6	[36,39)
41.2	41.5	[39,42)
46.1	45.5	[45,48)
76.3	74.6	[75,78)
62.1	62.5	[60,63)
52.6	48.3	[51,54)
70.5	70.9	[69,72)
64.1	65.4	[63,66)
46.5	52.2	[45,48)
54.9	54	[54,57)
56.7	57.3	[54,57)
69.4	71.5	[69,72)
67.6	71.4	[66,69)
74	75.4	[72,75)
52.1	56	[51,54)
40.4	40.7	[39,42)
44.5	47.1	[42,45)
40	40.5	[39,42)
71.2	74.1	[69,72)
55.8	44.2	[54,57)
68.8	73.5	[66,69)
45.7	39.4	[45,48)
65.9	69.9	[63,66)
45.1	46.5	[45,48)
54.2	59.2	[54,57)
59.8	60.4	[57,60)
66.6	69.9	[66,69)
40.3	39.6	[39,42)
33.3	28.9	[33,36)
66.3	64.8	[66,69)
32	30.8	[30,33)
47.6	42.7	[45,48)
62.9	68.8	[60,63)
34.3	32.7	[33,36)
63.9	70.8	[63,66)
40.3	40.6	[39,42)
50.3	55.7	[48,51)
43.5	35.1	[42,45)
44.1	44.8	[42,45)
24.9	19.9	[24,27)
51	46	[51,54)
68	74.8	[66,69)
62.6	70.3	[60,63)
47.5	46.2	[45,48)
41.7	38.8	[39,42)
51.5	43.5	[51,54)
49	51.1	[48,51)
78.6	68.1	[78,81)
55.3	55.4	[54,57)
62.3	64.4	[60,63)
43.7	35.7	[42,45)
68.2	76	[66,69)
45.8	43.7	[45,48)
29.1	26.3	[27,30)
51.7	49.2	[51,54)
54.7	52.4	[54,57)
43.2	44.4	[42,45)
68.2	66.1	[66,69)
60.1	57.1	[60,63)
49.6	47.3	[48,51)
40.6	39.8	[39,42)
76.2	66.7	[75,78)
62.6	59.4	[60,63)
40.3	40.8	[39,42)
28.5	37.9	[27,30)
58.6	55.3	[57,60)
48.1	55.2	[48,51)
61.5	69.3	[60,63)
75.8	71.5	[75,78)
62	67.5	[60,63)
31.1	29.2	[30,33)
52.7	53	[51,54)
65.2	74.8	[63,66)
64.8	67	[63,66)
54.2	52.8	[54,57)
42.3	38.5	[42,45)
59.4	53.1	[57,60)
74.5	76.7	[72,75)
63.3	66	[63,66)
66.9	73.3	[66,69)
56.5	58.1	[54,57)
62.9	66	[60,63)
57.2	54.3	[57,60)
53.4	49.3	[51,54)
74	70.5	[72,75)
35.6	44.6	[33,36)
18.2	25.8	[18,21)
66.3	76.6	[66,69)
41.7	55.5	[39,42)
68.9	71.5	[66,69)
44.7	47.8	[42,45)
42.7	47.5	[42,45)
58.2	53.1	[57,60)
35.3	36.7	[33,36)
33.6	32.1	[33,36)
28.7	25.7	[27,30)
49.6	61.7	[48,51)
46.3	50	[45,48)
29.7	32.5	[27,30)
44.2	41.5	[42,45)
61.6	65.5	[60,63)
59.9	59.2	[57,60)
57.1	61.2	[57,60)
36.3	28.6	[36,39)
34.8	37.3	[33,36)
42.9	39.5	[42,45)
39.1	33.8	[39,42)
63	65.9	[63,66)
40.8	49.8	[39,42)
28.4	28.7	[27,30)
62.5	67.6	[60,63)
50.3	50.9	[48,51)
52.5	47.8	[51,54)
40.8	49.1	[39,42)
49.8	49.7	[48,51)
65.6	65.3	[63,66)
41.2	37.3	[39,42)
38.7	36.2	[36,39)
44.1	49.3	[42,45)
48	43.5	[48,51)
21.7	31.5	[21,24)
61.8	70.6	[60,63)
56.2	51.6	[54,57)
49.5	48.1	[48,51)
62.2	63.2	[60,63)
56.8	53.7	[54,57)
31	30.3	[30,33)
54.7	48	[54,57)
62.9	79.1	[60,63)
79.2	72.3	[78,81)
49.3	46.7	[48,51)
69.4	71.1	[69,72)
58.9	69.8	[57,60)
23.8	33.5	[21,24)
42	34.4	[42,45)
33.4	41.6	[33,36)
38.2	46.6	[36,39)
52	47.6	[51,54)
72.1	67.7	[72,75)
39.3	36.1	[39,42)
27.8	29.8	[27,30)
78.4	79.5	[78,81)
42.9	42.4	[42,45)
50.7	53.6	[48,51)
33.3	33.6	[33,36)
72.3	66.1	[72,75)
61.6	58.8	[60,63)
68.2	63.7	[66,69)
60.1	59.9	[60,63)
61.5	54.4	[60,63)
48.7	45.8	[48,51)
32.7	33.3	[30,33)
71.6	76.7	[69,72)
58.7	47.8	[57,60)
37.4	38.8	[36,39)
60.7	66.3	[60,63)
44.7	48.9	[42,45)
46.6	54.4	[45,48)
54	55.8	[54,57)
56.8	48.7	[54,57)
50.5	50.8	[48,51)
51	45.8	[51,54)
38.2	37.9	[36,39)
36.9	35.5	[36,39)
45.1	39.6	[45,48)
34.6	28.2	[33,36)
40.1	52.1	[39,42)
36.1	40.4	[36,39)
57.9	60.7	[57,60)
55.7	55.5	[54,57)
28	28.5	[27,30)
54.9	62.3	[54,57)
40.8	47	[39,42)
44.2	42.4	[42,45)
65.4	73.1	[63,66)
33.4	34.1	[33,36)
56.1	54	[54,57)
46.4	46.7	[45,48)
40.5	34.9	[39,42)
63.3	51.9	[63,66)
74.2	74.2	[72,75)
43.6	37.2	[42,45)
59.4	64.4	[57,60)
53.6	56.4	[51,54)
38.6	29.4	[36,39)
75.1	78.1	[75,78)
34.4	39.6	[33,36)
69.1	73.5	[69,72)
49.5	53.6	[48,51)
40.4	35.6	[39,42)
40.2	45.5	[39,42)
40.6	39.3	[39,42)
58.7	64.7	[57,60)
50	57.7	[48,51)
34.5	30.6	[33,36)
59.4	61.9	[57,60)
60.5	63	[60,63)
59.7	69.4	[57,60)
35.7	32.9	[33,36)
69.3	68	[69,72)
52.5	54.7	[51,54)
52.8	52.2	[51,54)
35.8	34.4	[33,36)
44.9	47.2	[42,45)
67.8	65.6	[66,69)
32.4	30.2	[30,33)
51.7	45	[51,54)
70.3	67.4	[69,72)
56.3	54.4	[54,57)
52.9	68.7	[51,54)
47.2	44.5	[45,48)
30.4	35.9	[30,33)
50.1	50.2	[48,51)
66.2	70.5	[66,69)
30.9	37.9	[30,33)
65.1	66.3	[63,66)
61.2	51.2	[60,63)
48.9	44.1	[48,51)
40	37.7	[39,42)
32.7	38.4	[30,33)
65.1	66.4	[63,66)
42	39.2	[42,45)
59.2	71.1	[57,60)
73.8	72.2	[72,75)
64.8	70.3	[63,66)
46.4	45.2	[45,48)
47.3	48	[45,48)
57.4	58	[57,60)
27.9	29.2	[27,30)
45.5	50.5	[45,48)
66.5	63.9	[66,69)
60.1	55.4	[60,63)
64.3	65.1	[63,66)
33.7	35.3	[33,36)
75	72.9	[75,78)
65.7	68.2	[63,66)
70.3	71.6	[69,72)
60.8	54.3	[60,63)
58.8	35.1	[57,60)
31.5	34.8	[30,33)
32.8	29.3	[30,33)
73.9	73.6	[72,75)
51.6	50.1	[51,54)
45.4	55.1	[45,48)
44.8	37.7	[42,45)
41.2	40.3	[39,42)
27.3	30.1	[27,30)
42.5	46	[42,45)
60.1	66.3	[60,63)
71.9	72.9	[69,72)
59.2	54.5	[57,60)
68.6	66.7	[66,69)
19.4	29.6	[18,21)
71.9	70.8	[69,72)
65.8	65.5	[63,66)
54.8	32.8	[54,57)
65.8	67.4	[63,66)
77.9	69.4	[75,78)
50.6	44.3	[48,51)
44.6	48	[42,45)
51.7	51.3	[51,54)
22.8	29.8	[21,24)
46.7	47.7	[45,48)
44.7	41.8	[42,45)
49.4	52.8	[48,51)
36.3	34.2	[36,39)
80.3	77.3	[78,81)
70.7	79.8	[69,72)
50.3	54.8	[48,51)
37.7	39.6	[36,39)
60.7	61.3	[60,63)
65.1	70.3	[63,66)
66.4	72.4	[66,69)
75.4	68.5	[75,78)
28.3	36	[27,30)
39	34.7	[39,42)
54.2	53	[54,57)
65	67.9	[63,66)
72.4	70.5	[72,75)
38.5	44.8	[36,39)
28	40.1	[27,30)
42.5	35.2	[42,45)
31.8	36.4	[30,33)
44.7	48.7	[42,45)
45.8	49.6	[45,48)
43.2	36.9	[42,45)
52	46.7	[51,54)
46.6	47.5	[45,48)
68.4	74	[66,69)
41.3	39.6	[39,42)
33.2	32	[33,36)
73.2	73.8	[72,75)
65.3	66.2	[63,66)
43	40.3	[42,45)
62.9	62.2	[60,63)
47.5	39.3	[45,48)
45.6	59.7	[45,48)
67.9	71.4	[66,69)
63.5	64.5	[63,66)
48.3	46.5	[48,51)
67.5	69.4	[66,69)
69.6	68	[69,72)
31.2	34.6	[30,33)
66.2	67.8	[66,69)
36.5	35.3	[36,39)
58.3	48.2	[57,60)
57.7	51.4	[57,60)
56.1	52.3	[54,57)
46.1	43.3	[45,48)
68.9	70.1	[66,69)
43.6	38.1	[42,45)
50.3	45.2	[48,51)
59.6	62.2	[57,60)
66.6	67.5	[66,69)
50.3	53.4	[48,51)
42.5	57.5	[42,45)
66.3	74.1	[66,69)
49.8	55	[48,51)
62.7	59.4	[60,63)
64.6	67.4	[63,66)
70.2	72.3	[69,72)
36	31.6	[36,39)
68.6	59.2	[66,69)
49.4	49.9	[48,51)
48.7	49.4	[48,51)
46.8	53.4	[45,48)
29.3	34.2	[27,30)
33.2	37.2	[33,36)
70.5	73.2	[69,72)
51.9	60.2	[51,54)
22.4	23	[21,24)
44.5	43.2	[42,45)
43.1	59.3	[42,45)
23	28.2	[21,24)
45.4	48.9	[45,48)
42.1	45.9	[42,45)
63.7	68.1	[63,66)
62.3	66.8	[60,63)
46.7	46.6	[45,48)
72.6	69.8	[72,75)
39.7	19.5	[39,42)
67.8	73.4	[66,69)
64	71	[63,66)
55.5	60.8	[54,57)
46.9	50.8	[45,48)
51.6	50.4	[51,54)
62	68.2	[60,63)
48.7	41.7	[48,51)
30.1	34.9	[30,33)
62.7	69	[60,63)
55.4	49.1	[54,57)
48.3	56.8	[48,51)
57.1	61.1	[57,60)
42	40.9	[42,45)
34.5	30.9	[33,36)
32.5	37	[30,33)
55	61.7	[54,57)
44.7	50.6	[42,45)
76.6	68.1	[75,78)
70.1	78	[69,72)
52.6	47.3	[51,54)
44.4	36.7	[42,45)
77.4	75.7	[75,78)
27.7	24.8	[27,30)
60	60.2	[60,63)
62.1	56.5	[60,63)
33.1	34.3	[33,36)
75.2	63.2	[75,78)
67	72.1	[66,69)
51.5	51.3	[51,54)
55.2	55.7	[54,57)
49	50.2	[48,51)
50	49.2	[48,51)
65.9	66.6	[63,66)
31	39.1	[30,33)
65	62.5	[63,66)
54.1	49.6	[54,57)
34.7	39.4	[33,36)
39.6	41.2	[39,42)
31.6	36	[30,33)
68.1	71.9	[66,69)
61.7	58	[60,63)
74.4	73.9	[72,75)
70.1	67.8	[69,72)
60.7	58.7	[60,63)
32.3	39.3	[30,33)
66.8	60.9	[66,69)
47.5	51.7	[45,48)
48.9	54.1	[48,51)
68.7	65	[66,69)
42.4	41.5	[42,45)
32.1	34.8	[30,33)
69.7	62.4	[69,72)
71.9	67.9	[69,72)
34.5	40.3	[33,36)
62.4	57.4	[60,63)
62.3	57.8	[60,63)
25.6	35.8	[24,27)
46.1	54	[45,48)
65.6	71.1	[63,66)
71.2	73.7	[69,72)
45.1	42	[45,48)
41.6	38.7	[39,42)
48.5	47.4	[48,51)
27	35.2	[27,30)
63.1	74.2	[63,66)
48.1	41.6	[48,51)
50.1	49.1	[48,51)
54.8	60	[54,57)
60.7	62.4	[60,63)
73.4	67.7	[72,75)
53.1	48.7	[51,54)
68.8	66.8	[66,69)
64	56.6	[63,66)
58.7	56.5	[57,60)
65.3	71.1	[63,66)
57.2	64.6	[57,60)
32.3	39.1	[30,33)
54.5	52.6	[54,57)
53.3	53.4	[51,54)
53.9	57.3	[51,54)
78.2	74.8	[78,81)
56.9	49.2	[54,57)
45.3	40.1	[45,48)
72.6	69.9	[72,75)
69.7	64.2	[69,72)
69.5	73.1	[69,72)
74.7	73.4	[72,75)
28.5	33.1	[27,30)
57.9	55.6	[57,60)
43	45.7	[42,45)
71.3	64.9	[69,72)
34.7	33.1	[33,36)
60.3	70.2	[60,63)
72.4	73	[72,75)
52	50.2	[51,54)
67.6	71.7	[66,69)
61.1	70.5	[60,63)
63.9	64	[63,66)
47.8	40.8	[45,48)
61.2	57.8	[60,63)
28.1	29.9	[27,30)
73	70.6	[72,75)
35.8	29.8	[33,36)
42.1	51.9	[42,45)
27.3	30.3	[27,30)
80	75.8	[78,81)
54.6	55.5	[54,57)
48.6	33.3	[48,51)
36.7	34	[36,39)
62.4	63.3	[60,63)
25.9	29.7	[24,27)
45.4	49.7	[45,48)
64.4	66.3	[63,66)
73.8	78.4	[72,75)
48.4	50.1	[48,51)
49	50.3	[48,51)
59.5	56	[57,60)
55.9	54.6	[54,57)
52.2	64.7	[51,54)
31.7	25.5	[30,33)
66.9	73.7	[66,69)
33.3	31.8	[33,36)
40.6	41.1	[39,42)
75	72.2	[75,78)
57.7	65.3	[57,60)
37	39.1	[36,39)
26.6	24.8	[24,27)
69.3	69.5	[69,72)
40.2	41.1	[39,42)
51.3	52.1	[51,54)
50.6	46.8	[48,51)
65.6	65.6	[63,66)
52.4	41.9	[51,54)
74.5	83.2	[72,75)
51.8	52.5	[51,54)
35.4	36.3	[33,36)
46.6	48.8	[45,48)
75	69.4	[75,78)
49.2	51.8	[48,51)
30.8	31.1	[30,33)
61.2	66.2	[60,63)
56.9	51.7	[54,57)
48.8	43.3	[48,51)
73.2	74.2	[72,75)
59.6	57.7	[57,60)
54.2	61	[54,57)
72.3	66.5	[72,75)
54	56.5	[54,57)
52.4	58.8	[51,54)
24.3	25.1	[24,27)
67.7	68.4	[66,69)
50.5	55.6	[48,51)
71.2	71.3	[69,72)
63.6	74.8	[63,66)
35.1	42.3	[33,36)
58.9	65.4	[57,60)
50.1	54.5	[48,51)
30.4	35.9	[30,33)
64.9	66	[63,66)
65.3	71.9	[63,66)
35.5	37.1	[33,36)
43.9	41.7	[42,45)
52.1	47.1	[51,54)
52.5	47.7	[51,54)
51.4	55.1	[51,54)
55.5	57.7	[54,57)
62	63	[60,63)
79.9	81.1	[78,81)
31.3	33	[30,33)
57.6	48.5	[57,60)
44.7	48.9	[42,45)
20.8	21.5	[18,21)
74.6	73	[72,75)
61.4	61.6	[60,63)
55.1	52.8	[54,57)
59.7	65.8	[57,60)
32.1	34.5	[30,33)
47.9	48.7	[45,48)
63.6	67.3	[63,66)
47.7	49.2	[45,48)
45.6	48.6	[45,48)
47.9	51.6	[45,48)
73	66.1	[72,75)
77.9	70.3	[75,78)
43.7	45.4	[42,45)
49.9	47.4	[48,51)
57.5	70	[57,60)
35.1	31.8	[33,36)
53.7	58.8	[51,54)
48.5	36.6	[48,51)
75.3	70.1	[75,78)
34.8	39.2	[33,36)
35.2	35.6	[33,36)
32.5	29.5	[30,33)
46.5	40.9	[45,48)
57.6	58.1	[57,60)
42	45.7	[42,45)
38.4	37.7	[36,39)
48.6	48.6	[48,51)
62.3	67.5	[60,63)
59.6	53.4	[57,60)
63.8	62.4	[63,66)
58.2	62.1	[57,60)
38.6	32.7	[36,39)
56.5	60.8	[54,57)
58.1	52	[57,60)
36.8	28.5	[36,39)
68.9	60.8	[66,69)
42.9	37.8	[42,45)
42.2	45.6	[42,45)
55.9	55.4	[54,57)
61.5	63.7	[60,63)
73.8	74.1	[72,75)
54.1	54.2	[54,57)
39.5	40.4	[39,42)
30.5	28.6	[30,33)
59.3	57.4	[57,60)
43.7	42.5	[42,45)
31.3	31	[30,33)
69.7	65.4	[69,72)
37.8	30.6	[36,39)
52.7	50.5	[51,54)
73.3	70.3	[72,75)
36.8	33.7	[36,39)
46.5	37.9	[45,48)
59.2	60.6	[57,60)
44.4	36.5	[42,45)
57	52	[57,60)
36	34.6	[36,39)
66.3	68.9	[66,69)
61.3	60.2	[60,63)
70.9	71.8	[69,72)
38.1	34.8	[36,39)
50	49	[48,51)
60.2	67.9	[60,63)
49.9	51.7	[48,51)
46.3	47	[45,48)
54.9	55.7	[54,57)
66.5	67.1	[66,69)
41.8	37.9	[39,42)
49	49.5	[48,51)
50.5	56.6	[48,51)
75.1	70	[75,78)
68.2	70.5	[66,69)
32.6	34	[30,33)
29	36	[27,30)
52.4	38.4	[51,54)
69.9	72	[69,72)
74.4	73.5	[72,75)
63.2	64.8	[63,66)
53.1	51.7	[51,54)
59.1	66.8	[57,60)
69.2	74.5	[69,72)
55	64.1	[54,57)
65.4	67.4	[63,66)
72.3	71.6	[72,75)
65	67	[63,66)
37.3	42.4	[36,39)
38.4	38.8	[36,39)
75.9	71.5	[75,78)
58.5	55.3	[57,60)
48.9	49.4	[48,51)
22.8	23.1	[21,24)
64.1	47.9	[63,66)
25.3	31.7	[24,27)
51	54.3	[51,54)
36.2	35.3	[36,39)
67.8	66.4	[66,69)
38.5	28	[36,39)
38.1	31.9	[36,39)
49.9	48.6	[48,51)
54.7	51	[54,57)
41.5	33.2	[39,42)
31	34.3	[30,33)
55.6	50.9	[54,57)
49.9	50.5	[48,51)
53.1	62	[51,54)
41.7	50.8	[39,42)
60.4	68.3	[60,63)
39.2	45.9	[39,42)
58.7	70.4	[57,60)
48.3	39.4	[48,51)
51.1	51.7	[51,54)
64	75.7	[63,66)
51.8	50.5	[51,54)
18.2	23.1	[18,21)
44	37.7	[42,45)
52.9	48.8	[51,54)
65.1	70.3	[63,66)
48.3	53.5	[48,51)
20.5	27.3	[18,21)
30.6	34.2	[30,33)
50.6	54.1	[48,51)
62.2	59.7	[60,63)
61.7	64.5	[60,63)
35.2	33.9	[33,36)
24.2	25.9	[24,27)
50.6	50	[48,51)
60.5	53.9	[60,63)
73.9	69.3	[72,75)
55	46.1	[54,57)
27.2	28	[27,30)
73.7	76	[72,75)
31.7	27.6	[30,33)
56.6	53.8	[54,57)
52.6	49.1	[51,54)
54.6	54.2	[54,57)
26.1	29.5	[24,27)
51.2	52.3	[51,54)
65.7	65.1	[63,66)
62.7	67.2	[60,63)
39	50.8	[39,42)
65.4	66.1	[63,66)
63.9	65.1	[63,66)
50.5	42.4	[48,51)
77.3	72.6	[75,78)
70.4	75.2	[69,72)
67.4	74.6	[66,69)
49.5	43.6	[48,51)
39	33.9	[39,42)
34.8	36	[33,36)
40.6	45.6	[39,42)
47.5	47.7	[45,48)
50.3	42.6	[48,51)
58.7	55.7	[57,60)
48	51.5	[48,51)
50	52.5	[48,51)
75.3	71.9	[75,78)
60.3	53.5	[60,63)
46	47.5	[45,48)
54.4	55.3	[54,57)
52.8	56	[51,54)
65	63.6	[63,66)
37.4	40.8	[36,39)
42.7	35.6	[42,45)
68.6	66.9	[66,69)
44.9	40.3	[42,45)
77.1	72.3	[75,78)
54.3	49	[54,57)
39.7	53.4	[39,42)
65.9	70.7	[63,66)
39.4	40.7	[39,42)
65.1	76.9	[63,66)
63.4	64.9	[63,66)
35.3	34.4	[33,36)
39.1	38.7	[39,42)
50.2	55.3	[48,51)
50	51.9	[48,51)
34.1	31.3	[33,36)
40	39.4	[39,42)
62.3	65.8	[60,63)
38.6	40.9	[36,39)
50.9	54.3	[48,51)
55.9	66	[54,57)
23.9	27.5	[21,24)
72.4	72.6	[72,75)
32.5	29.9	[30,33)
38.9	44.8	[36,39)
64.8	65.5	[63,66)
26.2	26	[24,27)
72.4	75.7	[72,75)
23.8	26.7	[21,24)
55.7	55.7	[54,57)
63	70.1	[63,66)
28.5	28.9	[27,30)
66.1	72	[66,69)
43.5	52.5	[42,45)
53.4	51.5	[51,54)
45	40.2	[45,48)
44.5	53.2	[42,45)
42.5	48.5	[42,45)
43.9	40.9	[42,45)
69.5	73.7	[69,72)
38.4	31.5	[36,39)
55.2	51.8	[54,57)
36.2	35.5	[36,39)
60.1	65.5	[60,63)
44.5	46.2	[42,45)
46.2	46	[45,48)
67.5	61.6	[66,69)
30.2	27.1	[30,33)
35.5	34.1	[33,36)
58.1	63.5	[57,60)
42.1	51.7	[42,45)
52	59.5	[51,54)
47.8	51.4	[45,48)
70.3	68.9	[69,72)
18.2	22	[18,21)
27.9	22.6	[27,30)
49.3	46.5	[48,51)
46.6	52.6	[45,48)
42.7	43.7	[42,45)
41.6	53.2	[39,42)
40.8	42	[39,42)
21.2	30.5	[21,24)
37.9	31.8	[36,39)
40.3	48.4	[39,42)
41.7	40.1	[39,42)
60.6	63.4	[60,63)
48.9	43.2	[48,51)
41.3	49.3	[39,42)
45.2	57.8	[45,48)
62.2	61.4	[60,63)
38.9	43.6	[36,39)
56.4	45.6	[54,57)
47.3	54.7	[45,48)
52.1	47	[51,54)
55.8	64.5	[54,57)
53.3	52.1	[51,54)
65.6	69.8	[63,66)
53.2	49.6	[51,54)
52.6	56.3	[51,54)
47.2	50.1	[45,48)
53.5	52	[51,54)
27.8	30.2	[27,30)
68.3	66.1	[66,69)
38	38.8	[36,39)
62.9	63.9	[60,63)
52.7	52.3	[51,54)
41.4	45	[39,42)
66.3	68.5	[66,69)
61	65.8	[60,63)
72.3	70.2	[72,75)
80.4	69.9	[78,81)
49.1	54.7	[48,51)
30.1	39	[30,33)
49.1	56.7	[48,51)
45	43.1	[45,48)
64.9	73.9	[63,66)
74.7	76.8	[72,75)
36.3	28.2	[36,39)
53.3	52.8	[51,54)
71.2	62.9	[69,72)
74.8	73.2	[72,75)
59.2	48.8	[57,60)
64.1	61.7	[63,66)
32.8	35	[30,33)
72.3	76.4	[72,75)
71.9	70.1	[69,72)
28.3	27.8	[27,30)
34.6	29.9	[33,36)
69	71.1	[69,72)
64	70.7	[63,66)
62.1	70.3	[60,63)
31.8	36.8	[30,33)
76.7	74.5	[75,78)
72.6	73.5	[72,75)
47.8	52.8	[45,48)
49.6	44.3	[48,51)
69.5	62.5	[69,72)
75.8	74.1	[75,78)
56.2	56.5	[54,57)
31.6	33.7	[30,33)
41.8	45.8	[39,42)
66.6	71.8	[66,69)
76.6	76.5	[75,78)
74.6	68.4	[72,75)
49.3	53.7	[48,51)
38.5	41.6	[36,39)
19.6	24.3	[18,21)
42.8	46.2	[42,45)
43.6	45	[42,45)
48.2	45	[48,51)
55.9	47.3	[54,57)
37.9	37.5	[36,39)
34.5	35.8	[33,36)
51.6	48.8	[51,54)
48.3	38.5	[48,51)
29.7	34.8	[27,30)
55.2	50.8	[54,57)
59.3	69.2	[57,60)
35.9	36.2	[33,36)
69.3	70.1	[69,72)
44.3	43.2	[42,45)
45.1	42.5	[45,48)
24.8	23.3	[24,27)
25.4	26.7	[24,27)
44.9	46.4	[42,45)
67.2	62	[66,69)
66.6	74.1	[66,69)
72.1	61.7	[72,75)
49.7	54.2	[48,51)
55.4	60.8	[54,57)
56.3	45.1	[54,57)
37.1	31.5	[36,39)
57.6	52	[57,60)
45.7	50	[45,48)
31.5	33.5	[30,33)
45.5	47.9	[45,48)
66.6	72.4	[66,69)
53.4	48.6	[51,54)
78.5	71.7	[78,81)
54.1	48.4	[54,57)
59.2	58.4	[57,60)
63.8	63.1	[63,66)
71.8	69.7	[69,72)
30	30.1	[30,33)
43.3	48.3	[42,45)
53	48.7	[51,54)
35.9	32.9	[33,36)
40.4	37.9	[39,42)
36.5	32.9	[36,39)
68.5	73.3	[66,69)
61.2	74.3	[60,63)
68.7	73.4	[66,69)
68.1	71	[66,69)
63.1	67	[63,66)
71.5	76	[69,72)
69.6	75.5	[69,72)
41.8	37.8	[39,42)
66.1	54	[66,69)
52.9	52.7	[51,54)
57.2	57.9	[57,60)
68.3	70.8	[66,69)
72.5	70.3	[72,75)
55.8	52.4	[54,57)
43.8	42.4	[42,45)
61.8	64.3	[60,63)
34	36.9	[33,36)
56.7	45.7	[54,57)
72.1	73.3	[72,75)
63.6	49.4	[63,66)
32.1	31.1	[30,33)
28.8	40.2	[27,30)
58.4	62.9	[57,60)
51.5	39.3	[51,54)
54	52.1	[54,57)
37.5	38.2	[36,39)
25.5	33.3	[24,27)
71	73.7	[69,72)
30.2	26.6	[30,33)
65	64.8	[63,66)
47.7	37.6	[45,48)
69.9	62.8	[69,72)
43.9	47.3	[42,45)
62.8	51.9	[60,63)
66	70	[66,69)
33.7	27.4	[33,36)
32.4	29.4	[30,33)
41.4	38.3	[39,42)
46.8	50.2	[45,48)
69.3	64	[69,72)
48.4	50.6	[48,51)
73.8	73.9	[72,75)
66.4	59.4	[66,69)
41.1	41.7	[39,42)
66.2	64.4	[66,69)
43.8	39.3	[42,45)
43.2	42.7	[42,45)
36.8	30.8	[36,39)
67.9	61.6	[66,69)
28	29.9	[27,30)
71.3	66.8	[69,72)
55.7	53.4	[54,57)
54.6	46.6	[54,57)
66.3	75.2	[66,69)
63.9	69	[63,66)
35.5	38.1	[33,36)
40	43	[39,42)
52.5	57.1	[51,54)
49.7	48.6	[48,51)
64.3	54.8	[63,66)
63.7	64.8	[63,66)
52	56.2	[51,54)
49.3	40.6	[48,51)
61.2	52.2	[60,63)
63.8	66.8	[63,66)
39.3	36	[39,42)
50.6	40.4	[48,51)
35.5	33.5	[33,36)
44.9	40.9	[42,45)
35.9	35	[33,36)
40.7	35.9	[39,42)
58.9	57.5	[57,60)
59.2	53.3	[57,60)
75	71.1	[75,78)
35.3	23	[33,36)
57	51.1	[57,60)
68.8	63.1	[66,69)
77.1	79.4	[75,78)
39.8	32.4	[39,42)
49.5	42.5	[48,51)
72.1	75.2	[72,75)
65.8	68.8	[63,66)
49.7	48	[48,51)
63.5	65.7	[63,66)
25.1	30.7	[24,27)
39.4	35.9	[39,42)
61.5	55.2	[60,63)
21.6	25.6	[21,24)
31	37.6	[30,33)
67.5	66.6	[66,69)
46.7	45.4	[45,48)
41.6	36.6	[39,42)
29.9	39.7	[27,30)
45.2	42.4	[45,48)
81.2	75.1	[81,84)
49.3	47.1	[48,51)
33.2	24.4	[33,36)
38.7	37.9	[36,39)
59.8	66.5	[57,60)
54.5	55.2	[54,57)
68.8	72.6	[66,69)
39.8	48.6	[39,42)
28.5	31.7	[27,30)
48.1	59.3	[48,51)
53.6	53.1	[51,54)
26.2	27.8	[24,27)
55.4	48.7	[54,57)
18.2	23.3	[18,21)
54.5	51.7	[54,57)
45	45.9	[45,48)
38.3	36.2	[36,39)
54.2	42	[54,57)
62.7	67.2	[60,63)
29.1	24.8	[27,30)
64.5	67.5	[63,66)
50.1	46.2	[48,51)
77.2	77	[75,78)
47.3	50.3	[45,48)
57.6	58.9	[57,60)
31.9	45.8	[30,33)
33.9	40.1	[33,36)
65	67.8	[63,66)
64.9	72.2	[63,66)
65.4	68.9	[63,66)
52.4	53.7	[51,54)
65.6	69.5	[63,66)
73.8	73.9	[72,75)
44.4	52.1	[42,45)
70.6	71.9	[69,72)
24.9	24.3	[24,27)
47.2	47.6	[45,48)
63.6	76.2	[63,66)
76.3	70.8	[75,78)
56.2	65.2	[54,57)
49.5	46	[48,51)
41.6	42	[39,42)
52.6	53.7	[51,54)
59.8	67.9	[57,60)
44.7	43.2	[42,45)
48.5	41.5	[48,51)
43.1	44.8	[42,45)
55.2	57	[54,57)
42	43.3	[42,45)
69.6	65.6	[69,72)
54.1	50	[54,57)
71.1	77.1	[69,72)
65.6	66.4	[63,66)
66	69.6	[66,69)
51.8	52.6	[51,54)
66	66.7	[66,69)
26.4	31.5	[24,27)
60.3	62	[60,63)
48.5	50.3	[48,51)
69.6	67.9	[69,72)
61	58	[60,63)
72.6	69.1	[72,75)
31.2	33.5	[30,33)
27.2	27.4	[27,30)
37.2	26.8	[36,39)
32.8	30.3	[30,33)
57	48.8	[57,60)
48.5	49	[48,51)
51.1	57.1	[51,54)
30.8	38.5	[30,33)
27.2	28.3	[27,30)
53.5	55.1	[51,54)
33.1	43.4	[33,36)
49.4	51.4	[48,51)
46.6	52.4	[45,48)
57.4	66.8	[57,60)
55.6	48.4	[54,57)
37.1	38.6	[36,39)
69.4	74.1	[69,72)
41.2	50.9	[39,42)
38.6	35.9	[36,39)
43.4	34.2	[42,45)
60.6	71.5	[60,63)
62.5	64.4	[60,63)
45.8	55.2	[45,48)
67.7	68.5	[66,69)
75.9	74	[75,78)
49.3	56.6	[48,51)
70.3	73.9	[69,72)
74.3	75.6	[72,75)
53	47.8	[51,54)
42.5	41.5	[42,45)
66.1	64.5	[66,69)
56	54.7	[54,57)
54.1	55	[54,57)
45.8	53.6	[45,48)
57.7	55.9	[57,60)
79	75.9	[78,81)
66.1	70.8	[66,69)
46.2	48.1	[45,48)
51.7	55.6	[51,54)
37.8	33.2	[36,39)
55.9	50.3	[54,57)
69.5	65.9	[69,72)
71	76.5	[69,72)
40.4	37.4	[39,42)
61.9	68.2	[60,63)
41.6	37.3	[39,42)
66.6	62.6	[66,69)
66	67.2	[66,69)
72.4	66.2	[72,75)
76.3	71.7	[75,78)
51.8	48.3	[51,54)
53	49.5	[51,54)
66.9	65.7	[66,69)
33.8	29.4	[33,36)
38.3	39.8	[36,39)
28.8	31.1	[27,30)
74.8	70.6	[72,75)
55.2	54.7	[54,57)
46.4	43.4	[45,48)
29.2	33.3	[27,30)
35.7	32.8	[33,36)
63.3	68.6	[63,66)
55.2	55.1	[54,57)
72.4	69.1	[72,75)
39.1	37.8	[39,42)
54.2	47.5	[54,57)
70.2	60.4	[69,72)
29.4	33.1	[27,30)
41.3	41.3	[39,42)
47.8	46.8	[45,48)
78.3	68.2	[78,81)
66.5	72.6	[66,69)
33.7	25.9	[33,36)
45.5	41.5	[45,48)
68.2	63.6	[66,69)
76	71.6	[75,78)
42.3	53	[42,45)
49.7	44.3	[48,51)
51.2	60.6	[51,54)
61.8	70.5	[60,63)
32.9	35.8	[30,33)
33.8	41	[33,36)
53	57	[51,54)
35	41.4	[33,36)
63.7	71.1	[63,66)
39	32	[39,42)
45.7	51.1	[45,48)
39.9	41.6	[39,42)
44.6	33.3	[42,45)
34.5	33.6	[33,36)
70.7	69.8	[69,72)
70.7	66.2	[69,72)
23.4	28.8	[21,24)
66.5	74.9	[66,69)
63.4	68.2	[63,66)
34.3	47.8	[33,36)
34.2	71.9	[33,36)
47.7	60.2	[45,48)
57.5	62.2	[57,60)
25.3	28.3	[24,27)
53.4	54.1	[51,54)
58.3	64.8	[57,60)
71.2	76.4	[69,72)
60.1	51.8	[60,63)
57.3	59	[57,60)
72.7	71.4	[72,75)
19.2	23.5	[18,21)
41.5	41.2	[39,42)
73.8	70.5	[72,75)
58.3	60.3	[57,60)
60	65.3	[60,63)
27.9	30.1	[27,30)
62.7	68.8	[60,63)
45.3	36	[45,48)
37.4	37.8	[36,39)
54.7	52.7	[54,57)
76.3	72	[75,78)
43	34.9	[42,45)
52.2	45.2	[51,54)
32	33.7	[30,33)
34.4	32.1	[33,36)
58.2	50.2	[57,60)
82.1	77	[81,84)
59.9	51.6	[57,60)
54.4	53.6	[54,57)
69.1	68.5	[69,72)
28.1	31.4	[27,30)
67.2	75.4	[66,69)
55.7	56.5	[54,57)
65.4	63.1	[63,66)
39.8	43.1	[39,42)
50.9	48.8	[48,51)
68	72.5	[66,69)
53.5	66.9	[51,54)
44.1	32.7	[42,45)
64.5	62.4	[63,66)
40.2	48.6	[39,42)
45.3	40.8	[45,48)
50.9	53	[48,51)
70.5	70.6	[69,72)
57.4	47.7	[57,60)
73.7	67.8	[72,75)
48	54.8	[48,51)
32.3	21.1	[30,33)
53.9	52.7	[51,54)
55.5	48.1	[54,57)
37.4	29.2	[36,39)
44.2	44.5	[42,45)
22.7	28.3	[21,24)
66.7	65.2	[66,69)
58.9	53.4	[57,60)
49.2	58.4	[48,51)
65.2	66.1	[63,66)
75.7	63.3	[75,78)
59.5	53.6	[57,60)
71	69.1	[69,72)
54.3	61.9	[54,57)
71	70.1	[69,72)
67.4	64.2	[66,69)
67	74.5	[66,69)
55	58.3	[54,57)
24.6	25.3	[24,27)
71.2	71.6	[69,72)
69	61.9	[69,72)
26.3	29.2	[24,27)
57.5	64.8	[57,60)
70.4	73.4	[69,72)
55.5	53.2	[54,57)
18	24.3	[18,21)
31	40.9	[30,33)
52.2	49.3	[51,54)
71	73.9	[69,72)
60.6	60.2	[60,63)
37.6	40.1	[36,39)
67.1	67.3	[66,69)
37.6	43.8	[36,39)
63.9	67.2	[63,66)
32.2	27.1	[30,33)
49	40.5	[48,51)
28.5	25.4	[27,30)
65.5	64.5	[63,66)
71.7	68.6	[69,72)
36.3	33.5	[36,39)
74.1	72.6	[72,75)
30.5	36.2	[30,33)
59.7	56.2	[57,60)
72.2	72.1	[72,75)
50.7	37.5	[48,51)
39.4	48.7	[39,42)
48.9	48.4	[48,51)
77.7	80	[75,78)
71.7	74.4	[69,72)
45.7	29.8	[45,48)
48.3	46.2	[48,51)
50.2	53.9	[48,51)
66.8	66	[66,69)
69.3	66.9	[69,72)
69.9	75.5	[69,72)
55.6	53.9	[54,57)
50.4	50.7	[48,51)
57.7	63	[57,60)
65.6	71.7	[63,66)
51	53	[51,54)
50.2	51.2	[48,51)
58.7	55.2	[57,60)
58.3	64.3	[57,60)
38.9	47.7	[36,39)
63.5	66.1	[63,66)
48.4	60.1	[48,51)
53.3	60.4	[51,54)
72.6	70.4	[72,75)
54.1	50.6	[54,57)
43.9	43.7	[42,45)
40.8	41.9	[39,42)
40.1	46	[39,42)
68.6	70.2	[66,69)
40.8	49.5	[39,42)
55.7	57.8	[54,57)
57.8	52.3	[57,60)
52.6	44.5	[51,54)
33.7	37	[33,36)
68.7	67.4	[66,69)
42.3	51.5	[42,45)
58.6	61	[57,60)
25.4	34	[24,27)
71.9	68.5	[69,72)
44.2	40.4	[42,45)
18.2	21.2	[18,21)
63.8	52	[63,66)
64.4	63.2	[63,66)
49	45.2	[48,51)
24	28.9	[24,27)
27.8	34.9	[27,30)
75.6	71.5	[75,78)
61.6	56.2	[60,63)
55.6	60.2	[54,57)
72.3	71.9	[72,75)
60.6	60.1	[60,63)
56.3	57.7	[54,57)
53.1	59	[51,54)
51.2	44.7	[51,54)
67.1	69.8	[66,69)
50.6	49.4	[48,51)
67.3	68.6	[66,69)
67.2	68.8	[66,69)
58.6	51.7	[57,60)
41.8	53.3	[39,42)
28.7	31.7	[27,30)
61.4	60.6	[60,63)
64.4	60.6	[63,66)
54.9	51.2	[54,57)
48.4	59.5	[48,51)
36.2	36.1	[36,39)
48.9	45.4	[48,51)
55.9	57.2	[54,57)
71.5	65.4	[69,72)
65.6	65.5	[63,66)
24	40.2	[24,27)
47	47.8	[45,48)
47.8	49	[45,48)
74.3	73.3	[72,75)
23.8	19.8	[21,24)
41.3	51.1	[39,42)
71.8	67.3	[69,72)
70.9	72.3	[69,72)
58.5	55.6	[57,60)
50.3	50.4	[48,51)
34.1	33.3	[33,36)
37.1	36.7	[36,39)
64.8	60	[63,66)
25.4	23.8	[24,27)
59.6	66.1	[57,60)
33.9	44.2	[33,36)
53	71.3	[51,54)
39.1	37.4	[39,42)
80.5	72.4	[78,81)
60.4	63.5	[60,63)
50.4	55.7	[48,51)
56.7	62.3	[54,57)
50.6	52	[48,51)
48.8	44.2	[48,51)
29.4	32.1	[27,30)
34.2	34.6	[33,36)
61.7	53.1	[60,63)
27.6	28.7	[27,30)
63.2	71.9	[63,66)
55.7	46.5	[54,57)
39.2	38.4	[39,42)
41.7	42.3	[39,42)
70.8	69.7	[69,72)
39.3	54.6	[39,42)
39.8	50.8	[39,42)
34.1	39.3	[33,36)
76.9	70.2	[75,78)
33.7	37.7	[33,36)
42.3	52.4	[42,45)
59.6	53.6	[57,60)
43.3	51.4	[42,45)
46.2	50.4	[45,48)
24.1	18.3	[24,27)
30.2	25.7	[30,33)
51.9	51.6	[51,54)
60.1	68	[60,63)
53.7	54.2	[51,54)
62.4	68.4	[60,63)
53.7	57.1	[51,54)
50.2	58.8	[48,51)
72.7	65.8	[72,75)
63.8	64.4	[63,66)
35.9	32.4	[33,36)
50.4	52.2	[48,51)
50	63.6	[48,51)
37.5	46	[36,39)
55	50.5	[54,57)
35.3	42.7	[33,36)
69.9	69.1	[69,72)
51.9	48.5	[51,54)
43.1	38.9	[42,45)
38.5	36.2	[36,39)
40.3	51	[39,42)
57.8	44.1	[57,60)
55.1	58.4	[54,57)
72.8	71.9	[72,75)
65.3	70	[63,66)
53.8	74.6	[51,54)
65.5	70.4	[63,66)
18.2	21.9	[18,21)
70.9	76.1	[69,72)
44.7	37.5	[42,45)
70.3	67.5	[69,72)
51	55.5	[51,54)
70.2	66.4	[69,72)
52.2	51.5	[51,54)
42.8	44.9	[42,45)
56.9	56.8	[54,57)
37.8	32.8	[36,39)
33.9	27.1	[33,36)
53.7	53.9	[51,54)
75.9	74	[75,78)
64.6	66.5	[63,66)
40.1	45.5	[39,42)
42.4	41.5	[42,45)
41.3	37.4	[39,42)
33.1	32.9	[33,36)
51.4	55.4	[51,54)
39.2	47.1	[39,42)
49.9	43.3	[48,51)
48.4	56.9	[48,51)
51.7	50.1	[51,54)
48.2	56.9	[48,51)
39.8	40.1	[39,42)
22.3	19.6	[21,24)
55.9	56.1	[54,57)
48.4	47.4	[48,51)
45.6	39.2	[45,48)
56.1	59.9	[54,57)
75.1	71.8	[75,78)
75	75.2	[75,78)
21.7	26.5	[21,24)
24.3	32	[24,27)
60.6	65.6	[60,63)
42.8	29.1	[42,45)
68.6	70.3	[66,69)
64.4	65	[63,66)
73.2	71.6	[72,75)
47.1	48.7	[45,48)
44.3	48.4	[42,45)
18.2	24	[18,21)
30.2	32.7	[30,33)
61.3	64.7	[60,63)
40.1	37.3	[39,42)
29.3	33.4	[27,30)
47.8	57.7	[45,48)
50.2	52	[48,51)
34.5	25	[33,36)
60.7	63	[60,63)
38.3	41.1	[36,39)
56.8	55.1	[54,57)
64.5	70.1	[63,66)
66.5	71.9	[66,69)
75.1	66.7	[75,78)
49.4	50.1	[48,51)
65.7	66.2	[63,66)
45.2	49.7	[45,48)
67	73.1	[66,69)
26.1	27.1	[24,27)
44.7	40.2	[42,45)
46.7	42.4	[45,48)
26.4	33.9	[24,27)
50.9	37.8	[48,51)
57.4	53.1	[57,60)
59.2	65.1	[57,60)
71	73.3	[69,72)
61.9	60.7	[60,63)
80.7	77.5	[78,81)
53.7	62.9	[51,54)
64.3	61.6	[63,66)
54	62.3	[54,57)
33.4	34.5	[33,36)
36.6	36.4	[36,39)
50.8	57.2	[48,51)
37.8	39.5	[36,39)
52.6	49.8	[51,54)
63.2	63.9	[63,66)
50.1	49.8	[48,51)
66.9	58.2	[66,69)
70.4	68.3	[69,72)
76.4	72.1	[75,78)
42.1	34	[42,45)
66.5	72.7	[66,69)
47.5	45.8	[45,48)
36.9	39.8	[36,39)
55.6	57.3	[54,57)
71.1	68.3	[69,72)
46.1	43.5	[45,48)
65.6	69	[63,66)
62.2	64.9	[60,63)
62.6	65.4	[60,63)
54.6	65.2	[54,57)
45.8	44.2	[45,48)
69.6	80.4	[69,72)
70.9	64	[69,72)
60.6	66.4	[60,63)
46.4	42.8	[45,48)
39.1	43.2	[39,42)
60.6	56.8	[60,63)
49.9	57.7	[48,51)
30.2	41.4	[30,33)
36.5	24.8	[36,39)
51.5	45.4	[51,54)
31.1	36	[30,33)
42	47.2	[42,45)
65.9	73.3	[63,66)
69.3	74.1	[69,72)
61.1	53.7	[60,63)
39.7	45.2	[39,42)
78.5	74.7	[78,81)
71.8	74.7	[69,72)
33.5	33.4	[33,36)
50.8	52.3	[48,51)
44.4	53	[42,45)
66.2	68.9	[66,69)
56.7	61.9	[54,57)
61.6	68.6	[60,63)
70.4	71.8	[69,72)
54.6	47.6	[54,57)
62.1	66.9	[60,63)
46.9	54.9	[45,48)
74.2	74.1	[72,75)
44.2	41.8	[42,45)
53.6	51.5	[51,54)
51.7	51.9	[51,54)
49.9	47	[48,51)
61.9	62.5	[60,63)
43.2	41	[42,45)
40	38.3	[39,42)
77.4	70.3	[75,78)
35.8	37.5	[33,36)
73.4	69.7	[72,75)
45	36.1	[45,48)
65.6	72	[63,66)
66.2	49.6	[66,69)
61.2	66.7	[60,63)
66.8	73	[66,69)
29.5	28.4	[27,30)
51.7	54.1	[51,54)
70.7	65	[69,72)
62.9	68.6	[60,63)
42.9	61.4	[42,45)
49	46.6	[48,51)
76.2	73	[75,78)
67.3	70	[66,69)
63.5	69.2	[63,66)
48.2	42.6	[48,51)
34.4	30.6	[33,36)
51.4	46.3	[51,54)
61.6	68.5	[60,63)
39.5	41.7	[39,42)
61.8	60.3	[60,63)
48.4	40.8	[48,51)
35.6	44.2	[33,36)
56.2	52.4	[54,57)
55.7	54.2	[54,57)
61.3	66.6	[60,63)
42.7	40.6	[42,45)
71.7	65.2	[69,72)
63	65.8	[63,66)
29.1	28.8	[27,30)
42.9	46.9	[42,45)
30	31.1	[30,33)
23.9	29.6	[21,24)
38.7	37.9	[36,39)
56.9	61.9	[54,57)
65.6	56.6	[63,66)
54.1	49.1	[54,57)
65.8	62.2	[63,66)
65.2	66.8	[63,66)
28.5	28.4	[27,30)
64.6	58.5	[63,66)
33.9	32.8	[33,36)
61	50.3	[60,63)
48	47.5	[48,51)
43.4	45.3	[42,45)
50.4	54.3	[48,51)
57.8	57.7	[57,60)
59	61.1	[57,60)
70.5	64.3	[69,72)
32.3	38.1	[30,33)
65.6	61.8	[63,66)
58.8	68.9	[57,60)
45.2	45	[45,48)
58.7	49.8	[57,60)
75.6	71.4	[75,78)
42	47.6	[42,45)
44.5	45.3	[42,45)
63.5	68	[63,66)
69.5	71.1	[69,72)
46.5	40.6	[45,48)
66.9	63.5	[66,69)
56.8	58.9	[54,57)
52.4	47.8	[51,54)
62.9	67.3	[60,63)
72.3	68.9	[72,75)
68.5	74.5	[66,69)
32.8	37.2	[30,33)
40.5	37.5	[39,42)
70.3	76.4	[69,72)
74.6	75.9	[72,75)
61.3	56.9	[60,63)
45.2	37.3	[45,48)
68.3	69.1	[66,69)
70.6	68.9	[69,72)
61.2	60.2	[60,63)
46	51.5	[45,48)
32	39.3	[30,33)
55.8	55.8	[54,57)
46.2	48.1	[45,48)
48.7	46.2	[48,51)
48.7	50.7	[48,51)
62.4	69.7	[60,63)
27.9	25.5	[27,30)
49.4	48.2	[48,51)
73.1	72.9	[72,75)
81.4	73.3	[81,84)
76.7	74	[75,78)
44.9	46.8	[42,45)
71.9	71.7	[69,72)
54.4	53.7	[54,57)
53.4	50.2	[51,54)
54.1	44.4	[54,57)
45.5	42	[45,48)
38.9	33.6	[36,39)
57.7	49.8	[57,60)
72.8	75.5	[72,75)
74.4	67.9	[72,75)
21.2	22.2	[21,24)
67.2	69.8	[66,69)
66.3	66.1	[66,69)
70	70.5	[69,72)
73.2	64.7	[72,75)
68.1	67	[66,69)
66.9	74.5	[66,69)
62.1	64.4	[60,63)
50.6	46.7	[48,51)
73.5	74.3	[72,75)
35.2	36.2	[33,36)
19.5	24.9	[18,21)
36.5	42.6	[36,39)
50.9	53.5	[48,51)
32.3	35.6	[30,33)
58.2	56.1	[57,60)
50.6	55.4	[48,51)
50	45.9	[48,51)
55.4	50.6	[54,57)
47.2	55.9	[45,48)
47.9	43.3	[45,48)
39.9	42.1	[39,42)
72.2	65.7	[72,75)
72	74.1	[72,75)
60.7	43.3	[60,63)
72.7	70.7	[72,75)
69.8	77	[69,72)
65.3	69.7	[63,66)
42.3	68.9	[42,45)
66.8	70.7	[66,69)
18.6	23.5	[18,21)
67	74.8	[66,69)
64.4	67.7	[63,66)
42.2	42.8	[42,45)
56.7	58.3	[54,57)
66.8	74.3	[66,69)
31	35.6	[30,33)
54.7	62.3	[54,57)
32.1	29.6	[30,33)
34.5	27.3	[33,36)
59.7	55.3	[57,60)
71.4	73.1	[69,72)
60.1	55.8	[60,63)
60.6	70.7	[60,63)
47.4	52	[45,48)
52	56.9	[51,54)
67.7	72.7	[66,69)
39.2	30.5	[39,42)
55	57.7	[54,57)
30.7	28	[30,33)
57.5	61	[57,60)
35.3	40.8	[33,36)
37.5	36.5	[36,39)
46.3	37.9	[45,48)
53.6	56	[51,54)
55.2	57.9	[54,57)
54.3	49.8	[54,57)
64	69.1	[63,66)
46.8	52.9	[45,48)
66.5	74	[66,69)
41.2	36.7	[39,42)
33	34.3	[33,36)
39.4	39.2	[39,42)
55.2	45	[54,57)
52.6	51.5	[51,54)
69.4	73.5	[69,72)
46.2	33.9	[45,48)
67.5	72.4	[66,69)
28.3	27.7	[27,30)
62.5	66.1	[60,63)
46.3	45	[45,48)
39.1	29.5	[39,42)
77.1	73.9	[75,78)
79.2	71.4	[78,81)
28.8	26.7	[27,30)
74.3	73.7	[72,75)
67	64.4	[66,69)
68.5	69.9	[66,69)
36.7	33.8	[36,39)
55.1	51.4	[54,57)
47.2	47.9	[45,48)
69.5	71.6	[69,72)
71.2	63.2	[69,72)
24.3	28.8	[24,27)
54.5	56.5	[54,57)
41.3	37	[39,42)
42.2	41.1	[42,45)
22.3	26.9	[21,24)
35.2	32.9	[33,36)
51.1	56.1	[51,54)
67.3	70.5	[66,69)
35.8	33.7	[33,36)
58.7	56.6	[57,60)
56.1	56.1	[54,57)
68.3	64.2	[66,69)
32.8	33.3	[30,33)
52.7	50.4	[51,54)
50.5	57.1	[48,51)
27.2	27.7	[27,30)
61.8	67.8	[60,63)
28.4	32	[27,30)
53.9	50.5	[51,54)
49	51.3	[48,51)
54.3	64.4	[54,57)
31.6	32.4	[30,33)
70.2	74.4	[69,72)
21.2	40.1	[21,24)
32.9	40.9	[30,33)
50.8	52.5	[48,51)
65.9	71.1	[63,66)
69.5	74.1	[69,72)
36.3	37.7	[36,39)
69.5	64.8	[69,72)
22.2	25.8	[21,24)
38.5	38.7	[36,39)
54.7	54.4	[54,57)
70.6	73.5	[69,72)
46.2	50.3	[45,48)
39.2	37.9	[39,42)
41.2	41.6	[39,42)
59	57.6	[57,60)
47.6	52.8	[45,48)
33	30.4	[33,36)
68.9	69.1	[66,69)
68.1	73.7	[66,69)
67.8	66.9	[66,69)
72.1	75.3	[72,75)
59.4	55.6	[57,60)
44.1	45.2	[42,45)
66	72	[66,69)
41.9	47.6	[39,42)
32.4	29.4	[30,33)
44.4	43	[42,45)
42.5	46.1	[42,45)
41.8	50.9	[39,42)
31.6	40.6	[30,33)
79.5	78.6	[78,81)
45.1	52.2	[45,48)
73.2	65.3	[72,75)
50	54.5	[48,51)
42.6	49.6	[42,45)
58.2	55.4	[57,60)
77.9	75.2	[75,78)
56.2	52.5	[54,57)
70.7	70.7	[69,72)
62.3	69.1	[60,63)
72.1	68.4	[72,75)
72.8	66.3	[72,75)
31.9	26.7	[30,33)
69.7	77.8	[69,72)
75.1	65.9	[75,78)
75.7	75	[75,78)
67.1	59.8	[66,69)
52.9	48.8	[51,54)
67.8	72.4	[66,69)
40.1	40.4	[39,42)
35	48.7	[33,36)
77.2	71	[75,78)
29.5	32.4	[27,30)
38.6	31.4	[36,39)
32.2	29.7	[30,33)
32.1	26.1	[30,33)
66.5	76.6	[66,69)
54.6	48.9	[54,57)
30.3	27.7	[30,33)
59.2	51.7	[57,60)
39.1	33.7	[39,42)
58.3	62.6	[57,60)
70	64.3	[69,72)
60.7	53.8	[60,63)
50	47.2	[48,51)
80.7	75.5	[78,81)
57.6	54.5	[57,60)
56.6	53.4	[54,57)
18.2	27.1	[18,21)
48	38.2	[48,51)
73.8	66.4	[72,75)
73.4	65.2	[72,75)
53.7	51.9	[51,54)
52.7	55.2	[51,54)
53.3	55.3	[51,54)
45.9	45.9	[45,48)
54.9	62.5	[54,57)
26	31.4	[24,27)
63.5	57.8	[63,66)
36.3	35.7	[36,39)
71.3	67.2	[69,72)
53	47.4	[51,54)
53.8	51.4	[51,54)
59.4	57.5	[57,60)
45.3	36.9	[45,48)
65.6	72.3	[63,66)
35.3	37.4	[33,36)
54.4	57.6	[54,57)
43.4	51.3	[42,45)
39	33.1	[39,42)
32.8	30.6	[30,33)
38.9	44.5	[36,39)
35	36.6	[33,36)
42.2	39.5	[42,45)
54.8	53.8	[54,57)
42.4	42.4	[42,45)
28.9	33.9	[27,30)
78.3	80.8	[78,81)
41.7	34.9	[39,42)
32.4	30.5	[30,33)
35.9	37.1	[33,36)
41.4	37.9	[39,42)
64.7	62.7	[63,66)
59	62.1	[57,60)
38	33.8	[36,39)
45.5	47.3	[45,48)
61.6	61.5	[60,63)
58.4	60.4	[57,60)
69.1	62.7	[69,72)
65.6	74.8	[63,66)
60.8	64.8	[60,63)
53.7	57.6	[51,54)
30.9	26.4	[30,33)
35.8	45.4	[33,36)
39.9	43.7	[39,42)
50.1	52.4	[48,51)
60.1	73.5	[60,63)
44.3	35.9	[42,45)
46	51	[45,48)
43.8	45.3	[42,45)
51.5	55.6	[51,54)
48.8	54.8	[48,51)
40.2	42.6	[39,42)
76.7	72	[75,78)
64.8	59.4	[63,66)
67.7	68.6	[66,69)
37	41.6	[36,39)
55.4	56.5	[54,57)
50.6	51	[48,51)
64.6	70.3	[63,66)
65.7	65.6	[63,66)
68.6	69.1	[66,69)
35.9	39	[33,36)
41.7	43.8	[39,42)
20.5	22.7	[18,21)
72.4	65.2	[72,75)
59.2	64.4	[57,60)
39.3	44.9	[39,42)
44.6	35.9	[42,45)
41.8	62.9	[39,42)
33.9	26.9	[33,36)
43.3	46.2	[42,45)
70.1	74.9	[69,72)
41.5	45.8	[39,42)
35.4	31.8	[33,36)
44.4	52.2	[42,45)
69.7	68.8	[69,72)
45.2	51.3	[45,48)
33.8	33	[33,36)
31.4	34	[30,33)
36.1	34.6	[36,39)
66.9	63.1	[66,69)
76.4	72.8	[75,78)
69.4	76.1	[69,72)
71.5	70.1	[69,72)
36.3	37.1	[36,39)
44	50.1	[42,45)
73.6	72.5	[72,75)
64.6	63.1	[63,66)
55	56.6	[54,57)
49.1	45.5	[48,51)
79.2	70.3	[78,81)
60.3	72.1	[60,63)
26.4	37.6	[24,27)
78.7	70.4	[78,81)
41	45.6	[39,42)
51.5	45	[51,54)
43.9	43.3	[42,45)
56	58.3	[54,57)
47.8	50.5	[45,48)
52.9	54.9	[51,54)
73.2	71.8	[72,75)
39.6	37.5	[39,42)
46.5	45.9	[45,48)
48.9	48	[48,51)
78.1	75.4	[78,81)
61.1	59	[60,63)
54.7	51	[54,57)
33.4	33.6	[33,36)
72.1	72.8	[72,75)
40.3	32.6	[39,42)
61	65.1	[60,63)
38.2	45	[36,39)
76.9	72.1	[75,78)
69.1	66.5	[69,72)
18.8	23.2	[18,21)
60.3	73.2	[60,63)
51.2	56.8	[51,54)
44.2	49.2	[42,45)
38.3	47	[36,39)
63.2	65.2	[63,66)
62.9	65.3	[60,63)
53.3	51	[51,54)
63.1	56.4	[63,66)
56.6	75.6	[54,57)
24.3	23.5	[24,27)
44.5	44	[42,45)
47	52.1	[45,48)
71.3	66.2	[69,72)
50.3	59.3	[48,51)
49	51.1	[48,51)
50.2	41.8	[48,51)
46.2	51.8	[45,48)
59	51.6	[57,60)
36.8	47.5	[36,39)
70.1	64.8	[69,72)
31.3	28.3	[30,33)
67.2	69.1	[66,69)
63.5	61.9	[63,66)
63.6	62.8	[63,66)
48.4	57	[48,51)
73.2	74.8	[72,75)
44.4	40.7	[42,45)
58.1	69.4	[57,60)
51.5	48.1	[51,54)
32.6	28.5	[30,33)
44.7	38.4	[42,45)
28.8	30	[27,30)
75.8	74.9	[75,78)
29.1	27.7	[27,30)
71	69.3	[69,72)
45.8	49.3	[45,48)
26.1	20.2	[24,27)
62.7	54.4	[60,63)
48.9	51.3	[48,51)
29.4	23.8	[27,30)
64.2	70.6	[63,66)
64.8	59.9	[63,66)
30.1	29	[30,33)
48.6	53	[48,51)
49.6	48	[48,51)
26.9	26.2	[24,27)
71.2	78.2	[69,72)
63.6	64.7	[63,66)
49.9	50.5	[48,51)
41.9	33.8	[39,42)
64.4	65.7	[63,66)
46.4	33.4	[45,48)
22.4	26.4	[21,24)
43.9	45	[42,45)
52.5	55.3	[51,54)
47.7	53.1	[45,48)
32.3	30.9	[30,33)
47	48.9	[45,48)
55.2	64	[54,57)
50.1	48.2	[48,51)
45.3	55.3	[45,48)
29	34.6	[27,30)
70.8	73.4	[69,72)
32.8	37.8	[30,33)
71.5	68.9	[69,72)
66	71.7	[66,69)
51.2	47.6	[51,54)
71	68.6	[69,72)
42.3	44.1	[42,45)
72.7	71.1	[72,75)
63.4	61.3	[63,66)
42.2	51.7	[42,45)
58.6	53.5	[57,60)
47	44.2	[45,48)
69.9	72.1	[69,72)
56.8	59.1	[54,57)
35.8	35.1	[33,36)
47.2	42.2	[45,48)
42.2	28.1	[42,45)
58.2	66	[57,60)
48.2	49.9	[48,51)
62.8	62	[60,63)
62	58.5	[60,63)
72.9	69.8	[72,75)
69.7	71.7	[69,72)
43.8	45.7	[42,45)
69.4	74	[69,72)
71.3	74.3	[69,72)
59.7	68.4	[57,60)
55.1	62.1	[54,57)
41.1	30.5	[39,42)
56.5	60.2	[54,57)
46.1	52.5	[45,48)
28.6	30.4	[27,30)
26.7	29.2	[24,27)
54.7	63.7	[54,57)
34.1	36.4	[33,36)
74.6	69.7	[72,75)
59.4	57.7	[57,60)
26.6	30.4	[24,27)
54.2	50.9	[54,57)
39.9	40.1	[39,42)
55.7	55.7	[54,57)
24.8	31.2	[24,27)
52.2	50.1	[51,54)
46.3	49.2	[45,48)
65.4	67.4	[63,66)
73	75	[72,75)
36.6	35.8	[36,39)
47.6	40.9	[45,48)
27.6	28.7	[27,30)
62.5	58.1	[60,63)
35.1	42.7	[33,36)
70.6	71.7	[69,72)
60	62.7	[60,63)
41.3	45.7	[39,42)
36.9	49.5	[36,39)
37.2	44.6	[36,39)
64.4	65.3	[63,66)
70.5	76.4	[69,72)
40.3	42.5	[39,42)
26.4	29.6	[24,27)
35.8	32.6	[33,36)
78.5	72.8	[78,81)
77.7	71.7	[75,78)
26.9	34.4	[24,27)
61.2	46.7	[60,63)
63.8	57.9	[63,66)
26.3	30.5	[24,27)
50.5	53.2	[48,51)
54.3	52.4	[54,57)
60.8	68.5	[60,63)
76.1	78.3	[75,78)
62.1	57.1	[60,63)
71.5	69.4	[69,72)
51.6	54.3	[51,54)
51.6	57.7	[51,54)
60	63.6	[60,63)
44.3	53.8	[42,45)
72.8	75.6	[72,75)
69.8	62.3	[69,72)
27.9	29	[27,30)
77	70.2	[75,78)
43.7	42.9	[42,45)
50.6	45.5	[48,51)
38.4	37.1	[36,39)
52.7	58.7	[51,54)
48.4	53.2	[48,51)
65	71.8	[63,66)
47	51.8	[45,48)
27.6	26.2	[27,30)
34.3	33.2	[33,36)
73.9	73	[72,75)
45.6	53.9	[45,48)
49.6	43.9	[48,51)
77.3	76.1	[75,78)
63.1	67.7	[63,66)
52.6	50.5	[51,54)
47.5	41.1	[45,48)
69.5	60.6	[69,72)
34.2	37	[33,36)
49.6	51.8	[48,51)
46	49.6	[45,48)
51.2	55.5	[51,54)
30.9	34.2	[30,33)
47.4	42.1	[45,48)
30	29.6	[30,33)
34.4	36.1	[33,36)
59.5	56.9	[57,60)
54.3	50.8	[54,57)
63.7	70.1	[63,66)
55.4	46.9	[54,57)
44.5	40.7	[42,45)
83.8	77.1	[81,84)
56.1	57	[54,57)
40.1	56	[39,42)
44.3	43.9	[42,45)
52.1	59.4	[51,54)
35.3	39	[33,36)
68.9	59.6	[66,69)
29.7	21.6	[27,30)
70.7	71.7	[69,72)
64.8	68.8	[63,66)
52.8	55.1	[51,54)
36.5	33.5	[36,39)
60.7	69.5	[60,63)
46.2	46	[45,48)
45.6	46.6	[45,48)
38.4	43.1	[36,39)
42.9	45.1	[42,45)
78.5	70.3	[78,81)
34.4	33.4	[33,36)
73.4	70.8	[72,75)
50.1	49.5	[48,51)
29.6	28.8	[27,30)
58.8	58.6	[57,60)
40	36.7	[39,42)
28.2	29.4	[27,30)
43.4	50.6	[42,45)
39.4	40.7	[39,42)
30.9	38.2	[30,33)
45.7	50	[45,48)
46.9	52.1	[45,48)
72.3	66.2	[72,75)
37.3	36.5	[36,39)
41.4	43.9	[39,42)
40.4	45.8	[39,42)
50	51.7	[48,51)
56	56.8	[54,57)
29.2	28.1	[27,30)
67	72.3	[66,69)
26.9	32.1	[24,27)
32.4	31.4	[30,33)
69.7	70.5	[69,72)
67.6	69.7	[66,69)
50	45.5	[48,51)
74.1	70.5	[72,75)
63.9	63.8	[63,66)
23	24.2	[21,24)
32.6	34.5	[30,33)
48.3	48.5	[48,51)
31.4	25.7	[30,33)
36.6	34.5	[36,39)
48.7	46.5	[48,51)
32.6	42.3	[30,33)
44.1	40.7	[42,45)
80	74.2	[78,81)
73.3	77	[72,75)
30.7	33.2	[30,33)
50.3	42.7	[48,51)
75.4	68.8	[75,78)
29.5	32.1	[27,30)
55.4	64.4	[54,57)
61.5	64.8	[60,63)
58.1	49.2	[57,60)
55.8	53.3	[54,57)
58.1	54.6	[57,60)
55	44.8	[54,57)
48.6	46.8	[48,51)
70.4	74.4	[69,72)
74	68.7	[72,75)
70.2	72.8	[69,72)
47	40	[45,48)
61.9	60.5	[60,63)
63.4	69.6	[63,66)
44.4	45.4	[42,45)
43.2	48.7	[42,45)
51.9	45.5	[51,54)
41.1	39.1	[39,42)
52.5	45.5	[51,54)
65.5	66.6	[63,66)
34.9	28.8	[33,36)
65.1	58.9	[63,66)
24.2	31.8	[24,27)
67.2	71.1	[66,69)
67.8	68.9	[66,69)
62.7	69.7	[60,63)
53.4	55.1	[51,54)
53.3	58.8	[51,54)
39.2	33.9	[39,42)
40.9	35.7	[39,42)
51.7	59.9	[51,54)
44.5	51.8	[42,45)
37.5	38.7	[36,39)
44.8	51.8	[42,45)
65.8	68.4	[63,66)
53	46.8	[51,54)
29.1	36.2	[27,30)
43.9	42.6	[42,45)
32.9	28.9	[30,33)
78.3	69.7	[78,81)
65.2	67	[63,66)
55.3	53.9	[54,57)
49.9	54.7	[48,51)
65.4	68.7	[63,66)
34.3	42.5	[33,36)
78.1	75.7	[78,81)
39.6	32.4	[39,42)
52.1	41	[51,54)
75.4	64.6	[75,78)
70.2	74.7	[69,72)
49.8	49.9	[48,51)
53	49.9	[51,54)
63.3	69.6	[63,66)
52.5	47.8	[51,54)
68.9	68.3	[66,69)
61.2	51.4	[60,63)
68.4	68.1	[66,69)
34.6	35.5	[33,36)
70.1	64.2	[69,72)
49.6	49.5	[48,51)
42.8	54.1	[42,45)
58.4	56	[57,60)
34.2	36.3	[33,36)
66.5	61.2	[66,69)
67.5	68.2	[66,69)
60.1	71.2	[60,63)
20.6	27.5	[18,21)
19.9	22	[18,21)
57.7	42.7	[57,60)
44.5	42	[42,45)
58.3	47.4	[57,60)
68.7	64	[66,69)
45.4	43.3	[45,48)
40.9	54.9	[39,42)
55.9	44.8	[54,57)
55.7	54.9	[54,57)
34.1	33.6	[33,36)
38.7	36	[36,39)
29.2	38.2	[27,30)
49.8	33.7	[48,51)
78.1	69	[78,81)
35.5	31	[33,36)
60.2	62	[60,63)
77	71.3	[75,78)
51.4	54.6	[51,54)
52.3	51	[51,54)
46.7	41.6	[45,48)
42.6	45.2	[42,45)
66.1	63	[66,69)
48.1	41.4	[48,51)
63.8	72	[63,66)
53.5	52.2	[51,54)
75.3	73.6	[75,78)
61.5	68.6	[60,63)
55.3	45.6	[54,57)
43.6	46.1	[42,45)
77.1	71.6	[75,78)
32.2	34.6	[30,33)
58.8	67.8	[57,60)
33.1	31.6	[33,36)
48.2	46.4	[48,51)
57.8	59	[57,60)
64.7	59.6	[63,66)
66	76.7	[66,69)
39.4	41.1	[39,42)
31.3	39.6	[30,33)
36.2	32.8	[36,39)
57.6	49.9	[57,60)
35.4	40.4	[33,36)
70.3	68.4	[69,72)
70.6	61.3	[69,72)
66.3	67.6	[66,69)
24.7	18.9	[24,27)
32.8	32.9	[30,33)
70.1	72.4	[69,72)
42.9	38.3	[42,45)
20.2	27.9	[18,21)
52.2	49.1	[51,54)
71.1	72.1	[69,72)
54.7	65.5	[54,57)
42.7	37.4	[42,45)
48.5	42.8	[48,51)
42	54.2	[42,45)
40.1	36.2	[39,42)
81.1	73.5	[81,84)
43.3	44	[42,45)
41.9	31.2	[39,42)
68.3	51.1	[66,69)
37.4	48.4	[36,39)
72	70.3	[72,75)
67.9	67.4	[66,69)
60.9	70.6	[60,63)
56.8	64.9	[54,57)
66.3	66.1	[66,69)
48.6	50.3	[48,51)
27.1	34.6	[27,30)
66.9	64.4	[66,69)
60	65.5	[60,63)
72.5	70.6	[72,75)
33.8	29.3	[33,36)
66.8	63.6	[66,69)
55.4	48.8	[54,57)
42.7	55	[42,45)
37.1	32.2	[36,39)
56.1	46.7	[54,57)
43.6	33.8	[42,45)
65	69	[63,66)
49.7	50.1	[48,51)
61.4	54.6	[60,63)
68.8	65.6	[66,69)
33.8	34.2	[33,36)
74.7	72.6	[72,75)
55.3	46.4	[54,57)
68.1	71	[66,69)
66.9	68.8	[66,69)
72.6	66	[72,75)
50.9	55.9	[48,51)
67.4	68.5	[66,69)
72.9	73.5	[72,75)
50.6	50.2	[48,51)
44.5	35.5	[42,45)
68.7	74.6	[66,69)
68.5	68.5	[66,69)
77.1	68.8	[75,78)
57.8	59.5	[57,60)
21.4	23.4	[21,24)
57	52.6	[57,60)
43.1	39.5	[42,45)
30.8	40.9	[30,33)
38.3	41.4	[36,39)
33.8	32.8	[33,36)
50.4	60.7	[48,51)
45	48	[45,48)
40.8	46.4	[39,42)
62.5	66.4	[60,63)
31.4	35.7	[30,33)
48.6	48.1	[48,51)
64.5	62.2	[63,66)
58.9	53.7	[57,60)
61.1	65.1	[60,63)
54.4	46.9	[54,57)
43	52	[42,45)
40.7	31	[39,42)
41.9	42.3	[39,42)
51.3	49.8	[51,54)
70.8	75.3	[69,72)
53.6	50.9	[51,54)
63.6	68.4	[63,66)
53.7	47.2	[51,54)
51.7	61.7	[51,54)
29.1	33.9	[27,30)
77.1	70.2	[75,78)
64.1	51	[63,66)
60.7	64	[60,63)
59.1	61.9	[57,60)
47.3	39.7	[45,48)
64.4	60.7	[63,66)
61.9	67.9	[60,63)
69.8	69.1	[69,72)
42.1	46.9	[42,45)
54.5	51.8	[54,57)
55.1	53.9	[54,57)
54.1	62.7	[54,57)
30.1	35.5	[30,33)
47.1	50.8	[45,48)
69.6	73.4	[69,72)
54.7	70.5	[54,57)
59.6	53.5	[57,60)
68.8	63.4	[66,69)
32.9	37.7	[30,33)
46.8	54.7	[45,48)
32.4	33.9	[30,33)
46.7	45.2	[45,48)
53.3	50.5	[51,54)
34.1	31.7	[33,36)
59.3	59.1	[57,60)
70.4	72.4	[69,72)
28.8	31.6	[27,30)
31	30.2	[30,33)
59.1	56.3	[57,60)
56.6	54.5	[54,57)
31.1	29.8	[30,33)
62.8	48.8	[60,63)
26.8	28.7	[24,27)
71.8	69.4	[69,72)
65.7	71.5	[63,66)
30.7	33	[30,33)
35.5	34.3	[33,36)
50.2	43.1	[48,51)
46.7	53.6	[45,48)
56.3	53	[54,57)
52.5	48.5	[51,54)
58.9	54.8	[57,60)
55.1	52.1	[54,57)
59.8	71.8	[57,60)
29	37.6	[27,30)
55.5	50.2	[54,57)
40.2	41.3	[39,42)
73.3	71.7	[72,75)
37.2	44.6	[36,39)
74.2	79.2	[72,75)
45.3	45.7	[45,48)
68.8	65.4	[66,69)
71.9	74.5	[69,72)
29	34.8	[27,30)
45.2	50.1	[45,48)
61.2	65.4	[60,63)
43.6	51.2	[42,45)
51.4	58.4	[51,54)
50.8	51.1	[48,51)
41.8	42.7	[39,42)
54.7	65.1	[54,57)
48	45.1	[48,51)
34.1	34.9	[33,36)
54.2	54.8	[54,57)
51.4	57.6	[51,54)
67.8	74.3	[66,69)
68.4	66.6	[66,69)
34.5	34.7	[33,36)
74.2	73.6	[72,75)
72	74.8	[72,75)
66.5	67.1	[66,69)
51.8	49	[51,54)
52	55.5	[51,54)
24.4	28.1	[24,27)
68.8	70.3	[66,69)
67.5	68.1	[66,69)
40.2	37	[39,42)
57.6	50.1	[57,60)
53	53.7	[51,54)
57.4	57.9	[57,60)
56	66.4	[54,57)
26	32.9	[24,27)
41.2	53	[39,42)
56.4	63.5	[54,57)
53	68.4	[51,54)
35.3	34.5	[33,36)
48.4	49.4	[48,51)
56.4	56.9	[54,57)
68.4	64.7	[66,69)
60	47	[60,63)
51.8	41.3	[51,54)
62.3	67.4	[60,63)
67.3	71	[66,69)
68.3	70.8	[66,69)
67.2	72.8	[66,69)
50.7	52.8	[48,51)
65.7	73.3	[63,66)
62.8	62.7	[60,63)
57.4	48.1	[57,60)
61.7	58.7	[60,63)
46.5	46	[45,48)
63.2	61.1	[63,66)
39.6	35.5	[39,42)
29.2	26.9	[27,30)
29.9	32	[27,30)
74.6	67.1	[72,75)
33.3	36.4	[33,36)
25.2	28.4	[24,27)
49.8	53.3	[48,51)
69.4	67	[69,72)
47.4	51	[45,48)
43.1	41.3	[42,45)
67.5	67.1	[66,69)
71.5	73.6	[69,72)
31.6	25.2	[30,33)
53	55.4	[51,54)
63.3	54.9	[63,66)
37.4	65.8	[36,39)
68.7	73.3	[66,69)
54.4	48.7	[54,57)
63	54	[63,66)
56.2	58.5	[54,57)
73.3	70.9	[72,75)
79.3	75.7	[78,81)
52.9	49.7	[51,54)
29	27.5	[27,30)
35	31.7	[33,36)
74.3	78.6	[72,75)
65	67.8	[63,66)
79.5	68.7	[78,81)
42.6	42.8	[42,45)
41.9	43.8	[39,42)
44.3	53.2	[42,45)
24.8	25.8	[24,27)
78.7	70.5	[78,81)
32.3	28.4	[30,33)
57.7	62.8	[57,60)
41.8	43.7	[39,42)
76.2	70.9	[75,78)
64.6	60.5	[63,66)
37.2	36.3	[36,39)
73.8	69.4	[72,75)
61.9	61.4	[60,63)
75.9	74	[75,78)
65.1	64.4	[63,66)
65.8	61.1	[63,66)
51.7	59.5	[51,54)
74.3	74.1	[72,75)
71.4	67.9	[69,72)
69.8	70.1	[69,72)
47.4	60	[45,48)
67.5	74.8	[66,69)
78.1	76	[78,81)
45.9	37.9	[45,48)
30.9	28.1	[30,33)
67.1	74.1	[66,69)
69.5	71.9	[69,72)
52.4	67.3	[51,54)
62	62.4	[60,63)
80.7	74.6	[78,81)
66.5	63	[66,69)
47	39.2	[45,48)
27.3	29.5	[27,30)
75	72.8	[75,78)
32.3	36.4	[30,33)
66.9	64.7	[66,69)
38.1	49.8	[36,39)
63.1	71.1	[63,66)
65.8	65	[63,66)
29.5	37.1	[27,30)
53.8	48.7	[51,54)
53.6	54.2	[51,54)
62.3	71.6	[60,63)
48.6	51.9	[48,51)
60.2	63.7	[60,63)
78.1	72.7	[78,81)
40.3	34.8	[39,42)
36.4	31.1	[36,39)
51.1	57.6	[51,54)
46.5	47	[45,48)
76.6	69.5	[75,78)
48.3	50.8	[48,51)
66.9	62.2	[66,69)
29.8	25.1	[27,30)
33.8	32.4	[33,36)
38.2	40.2	[36,39)
61.2	65.9	[60,63)
71.7	68.5	[69,72)
53.1	63.7	[51,54)
56	53.4	[54,57)
39.4	29.4	[39,42)
74.6	76.3	[72,75)
55.8	52.5	[54,57)
53.6	59.7	[51,54)
63.5	62.5	[63,66)
53	52.2	[51,54)
60.5	68.5	[60,63)
62.3	54.6	[60,63)
49.5	49.3	[48,51)
79.4	72.8	[78,81)
36	41.5	[36,39)
58.9	62.5	[57,60)
63	68.7	[63,66)
42.6	37.7	[42,45)
50.8	50.3	[48,51)
34.3	34.1	[33,36)
41.4	35.8	[39,42)
48.7	46.9	[48,51)
42.7	46.6	[42,45)
55.4	55.9	[54,57)
52.7	51	[51,54)
71	70.5	[69,72)
48	41.3	[48,51)
43.7	44.1	[42,45)
65.4	63.5	[63,66)
62.4	49	[60,63)
18.1	23.9	[18,21)
71.9	70.3	[69,72)
50.9	55.5	[48,51)
25.6	26.1	[24,27)
22.1	25.7	[21,24)
71.1	74.2	[69,72)
71.4	66.6	[69,72)
29.1	32	[27,30)
44.8	41.1	[42,45)
36.2	29.1	[36,39)
55.7	71.9	[54,57)
42.6	44.8	[42,45)
66.7	63.8	[66,69)
50.2	51.4	[48,51)
20.5	21.9	[18,21)
63.7	70.3	[63,66)
67.8	70.1	[66,69)
52.3	50	[51,54)
49.9	48.6	[48,51)
26.7	32.7	[24,27)
74.7	72.5	[72,75)
68.6	66.7	[66,69)
67.6	64.8	[66,69)
28.7	27.2	[27,30)
48.7	53.1	[48,51)
30	30.6	[30,33)
67.1	63.1	[66,69)
24.8	26.6	[24,27)
59.1	30.2	[57,60)
66.4	69	[66,69)
59.9	56.4	[57,60)
53.9	53.5	[51,54)
50.3	51	[48,51)
32.9	39.4	[30,33)
36.3	41.6	[36,39)
67.5	66.8	[66,69)
29.4	35.1	[27,30)
37.9	44.5	[36,39)
30.5	34.2	[30,33)
41.7	38.7	[39,42)
65	64.9	[63,66)
36.2	33.5	[36,39)
49	51.7	[48,51)
61.8	63.7	[60,63)
31.9	23	[30,33)
48.3	57.7	[48,51)
48.5	50.2	[48,51)
52	62.3	[51,54)
29.4	37	[27,30)
58.1	47.1	[57,60)
68.7	73.8	[66,69)
52.9	48.9	[51,54)
30.7	42.9	[30,33)
76.4	70.4	[75,78)
54.7	51.9	[54,57)
45.3	48.8	[45,48)
45.2	42.9	[45,48)
47.7	48.1	[45,48)
40.2	34.5	[39,42)
48.8	49.4	[48,51)
40.6	48.6	[39,42)
64.6	74.6	[63,66)
54.1	52.9	[54,57)
48.2	44.9	[48,51)
63.5	57.4	[63,66)
50	50.5	[48,51)
46.6	45.6	[45,48)
36.8	45.8	[36,39)
34.8	30.6	[33,36)
50.4	49.3	[48,51)
68.6	60.8	[66,69)
52.4	48.5	[51,54)
72.3	68.7	[72,75)
45.1	41.9	[45,48)
37.9	36.7	[36,39)
71.8	79.2	[69,72)
66.3	65.9	[66,69)
70.1	71.2	[69,72)
68.2	66.1	[66,69)
37.4	46.3	[36,39)
42.6	38.3	[42,45)
40.1	52.1	[39,42)
34.9	40.8	[33,36)
58.5	59	[57,60)
31.3	35.9	[30,33)
26.5	29.9	[24,27)
64.4	63.4	[63,66)
68.2	64	[66,69)
20.6	30	[18,21)
59.5	63.7	[57,60)
54.2	54.2	[54,57)
50	54.6	[48,51)
75.7	66.6	[75,78)
70	72.5	[69,72)
61	52.6	[60,63)
46.8	51.2	[45,48)
72.8	73.8	[72,75)
64.6	73.7	[63,66)
44.5	45	[42,45)
37.3	37.9	[36,39)
32.4	35.6	[30,33)
43	42.2	[42,45)
31.2	35.8	[30,33)
74.1	68.6	[72,75)
38.1	43	[36,39)
70	73.6	[69,72)
74.6	70.9	[72,75)
53.9	51.3	[51,54)
53.9	46.4	[51,54)
40.7	42.5	[39,42)
33.9	32.6	[33,36)
38.7	33.6	[36,39)
45.4	44.9	[45,48)
47.5	50.2	[45,48)
70.6	70.5	[69,72)
50	53.6	[48,51)
46.1	50.5	[45,48)
72	57.9	[72,75)
41.3	40.5	[39,42)
56.2	62.4	[54,57)
69.5	70.6	[69,72)
54.7	54.4	[54,57)
75.5	76.8	[75,78)
80.3	73.1	[78,81)
60.8	60.2	[60,63)
54.8	59.7	[54,57)
72.1	72.5	[72,75)
62.4	60.8	[60,63)
50	46.2	[48,51)
26.2	24.1	[24,27)
53	46.7	[51,54)
73.7	78.9	[72,75)
42.8	45.6	[42,45)
46.5	56.7	[45,48)
42.1	51.4	[42,45)
52.8	41.7	[51,54)
27.8	24.2	[27,30)
50.8	49.7	[48,51)
44.9	44.2	[42,45)
46.3	40.2	[45,48)
26.8	33.8	[24,27)
50.8	43.3	[48,51)
51.5	54.5	[51,54)
49.7	51.2	[48,51)
71.9	71.9	[69,72)
54.9	57.8	[54,57)
64.9	61.7	[63,66)
43.3	38.1	[42,45)
49.5	52.3	[48,51)
32.4	23.7	[30,33)
66.9	74.8	[66,69)
40.8	49.2	[39,42)
65.8	74.2	[63,66)
62.1	53.7	[60,63)
60	62.8	[60,63)
53.6	50.5	[51,54)
35.4	37	[33,36)
58	62.4	[57,60)
69.6	75.8	[69,72)
55.2	62.7	[54,57)
37.2	30.6	[36,39)
67.9	70.8	[66,69)
60.3	68.4	[60,63)
54.8	56.1	[54,57)
45.4	43.3	[45,48)
47.8	50.9	[45,48)
41	42.6	[39,42)
40.1	43	[39,42)
22.7	30.4	[21,24)
52.6	49.7	[51,54)
76.3	71.1	[75,78)
75.4	77.7	[75,78)
55.2	58.9	[54,57)
79.2	73	[78,81)
53.6	50.3	[51,54)
40	47	[39,42)
53.1	49.2	[51,54)
71.3	69.4	[69,72)
45.9	53.9	[45,48)
36.4	36.5	[36,39)
64.1	62.8	[63,66)
37.5	36.6	[36,39)
34.2	33.4	[33,36)
74.1	72.6	[72,75)
47.3	49.7	[45,48)
58	59.9	[57,60)
50.1	48.6	[48,51)
67.7	69.5	[66,69)
45.9	45.2	[45,48)
74.2	72.6	[72,75)
66.9	71	[66,69)
43.6	41.9	[42,45)
37.3	40.2	[36,39)
33.5	35.3	[33,36)
36.4	42	[36,39)
28.2	33.2	[27,30)
31.3	41.7	[30,33)
70.1	72.8	[69,72)
37.4	32.5	[36,39)
54.2	65.3	[54,57)
68.8	73.7	[66,69)
49.3	55.4	[48,51)
69.5	58	[69,72)
38.4	49.8	[36,39)
57.3	66.6	[57,60)
61	70.9	[60,63)
54.6	45.2	[54,57)
54.4	53.4	[54,57)
62.6	63.3	[60,63)
59.4	65	[57,60)
59.5	66.5	[57,60)
70.3	62.9	[69,72)
69.9	70.4	[69,72)
66.3	71.3	[66,69)
66.6	68	[66,69)
65.2	60.1	[63,66)
49.6	52.4	[48,51)
32.8	37.6	[30,33)
35.8	34.2	[33,36)
70.3	70.2	[69,72)
76.1	68.2	[75,78)
70	65.3	[69,72)
74.8	74.9	[72,75)
33.7	28.3	[33,36)
50.7	63.4	[48,51)
38.8	29.4	[36,39)
64.9	65	[63,66)
64.3	53.8	[63,66)
72.5	74	[72,75)
68.1	62.2	[66,69)
48.7	41.3	[48,51)
58.4	55.3	[57,60)
52.6	50.2	[51,54)
73.6	72.4	[72,75)
40.1	44.1	[39,42)
28.8	31.1	[27,30)
34.7	38	[33,36)
29	37.5	[27,30)
56.4	55.6	[54,57)
35	43.6	[33,36)
47.5	40.1	[45,48)
40.3	43.8	[39,42)
52.1	50.1	[51,54)
44.7	37.7	[42,45)
68.9	70.3	[66,69)
49.9	50.3	[48,51)
43.5	43.1	[42,45)
73.7	72.8	[72,75)
51	50.4	[51,54)
76.9	72	[75,78)
37.1	48.6	[36,39)
39.1	60.2	[39,42)
26.7	35.8	[24,27)
51.3	44.5	[51,54)
67.5	74.6	[66,69)
59.5	53.5	[57,60)
18.8	22.3	[18,21)
53.9	50.4	[51,54)
49.2	45.1	[48,51)
50.1	52.5	[48,51)
46.6	52.7	[45,48)
22	26.1	[21,24)
53	48	[51,54)
58.3	52.6	[57,60)
71.4	71.1	[69,72)
54.2	55.5	[54,57)
34.6	29.9	[33,36)
49.2	54.1	[48,51)
23.2	23.3	[21,24)
61.7	68.1	[60,63)
66.1	69.3	[66,69)
61.8	67.4	[60,63)
67.6	69.6	[66,69)
69.2	57.3	[69,72)
45.6	46	[45,48)
81.4	69.7	[81,84)
72.6	67.1	[72,75)
62.3	58.4	[60,63)
51.4	52.5	[51,54)
60.4	57	[60,63)
43.6	40.1	[42,45)
77	67.7	[75,78)
36.6	31.1	[36,39)
64.9	66.6	[63,66)
68.6	66.6	[66,69)
70.7	71.8	[69,72)
59.5	67.7	[57,60)
62.1	58.6	[60,63)
64.7	70.4	[63,66)
74.4	70.4	[72,75)
50.2	44.5	[48,51)
39.8	39.3	[39,42)
74.1	72.9	[72,75)
62.8	62.9	[60,63)
48.6	42.3	[48,51)
51.8	31.9	[51,54)
42.1	41.5	[42,45)
47.7	46.4	[45,48)
46.8	48.5	[45,48)
65.2	55.7	[63,66)
48.7	58.5	[48,51)
53.7	47.3	[51,54)
68.5	70.8	[66,69)
62.4	62.8	[60,63)
35.4	23.1	[33,36)
64.4	76.4	[63,66)
78.2	72.8	[78,81)
29.9	31.9	[27,30)
58	64.5	[57,60)
49	47	[48,51)
66.9	66.6	[66,69)
28.1	23.9	[27,30)
35.3	26	[33,36)
60.8	61.1	[60,63)
36.6	35.1	[36,39)
55.3	54.2	[54,57)
32.7	36.3	[30,33)
65.3	67.6	[63,66)
66.9	69.3	[66,69)
41.3	37.8	[39,42)
66.6	67.2	[66,69)
68.3	64.9	[66,69)
45.9	48.1	[45,48)
65.8	69.6	[63,66)
51.1	59.8	[51,54)
31.7	26	[30,33)
47.1	44.2	[45,48)
30.3	29.8	[30,33)
78.2	72.8	[78,81)
45.2	34.5	[45,48)
76.2	69.2	[75,78)
33.1	35.5	[33,36)
65.8	66.9	[63,66)
41	36.7	[39,42)
28.8	34.7	[27,30)
51.3	43.8	[51,54)
51.9	50.5	[51,54)
49.9	53.6	[48,51)
50.1	47.8	[48,51)
55.6	56.1	[54,57)
30	27.1	[30,33)
62.9	65.2	[60,63)
60.1	64.4	[60,63)
51.5	44	[51,54)
75.8	74.9	[75,78)
63.8	56.4	[63,66)
69.9	70.5	[69,72)
71.2	69.6	[69,72)
49.2	52.8	[48,51)
43.7	44.1	[42,45)
64.9	69	[63,66)
69.3	63.7	[69,72)
66.2	70.6	[66,69)
73.2	71.5	[72,75)
62.6	50.3	[60,63)
55.4	56.5	[54,57)
62.4	66.7	[60,63)
73.2	67.1	[72,75)
33.6	33.9	[33,36)
48.9	48.8	[48,51)
66	62.4	[66,69)
28.4	33.2	[27,30)
66.2	65.6	[66,69)
49.1	48.2	[48,51)
53.7	53.9	[51,54)
55.9	72.5	[54,57)
59.5	69.8	[57,60)
64	67.5	[63,66)
70.2	74	[69,72)
48.1	46.6	[48,51)
52.6	48.5	[51,54)
56.8	53.6	[54,57)
43	39.6	[42,45)
40	38.8	[39,42)
46.2	48.9	[45,48)
67.3	64.6	[66,69)
30.4	32.9	[30,33)
43.1	46.1	[42,45)
73.1	71.7	[72,75)
50.3	42.6	[48,51)
45.9	42.4	[45,48)
30.8	30.9	[30,33)
52	55	[51,54)
38.7	30.9	[36,39)
25.2	27.9	[24,27)
65.3	75.1	[63,66)
25	25.7	[24,27)
45.2	51.2	[45,48)
72.9	68.5	[72,75)
28.9	32.9	[27,30)
59.3	67.9	[57,60)
56.6	53.8	[54,57)
35.4	35.4	[33,36)
43.5	39.6	[42,45)
78.3	69.9	[78,81)
31.2	28.8	[30,33)
51.8	50.1	[51,54)
72.8	70.2	[72,75)
38.4	41.1	[36,39)
50.3	53.4	[48,51)
65.7	72.8	[63,66)
32.7	37.3	[30,33)
81.9	73.6	[81,84)
40.1	40.5	[39,42)
26.5	28.4	[24,27)
35.7	53.2	[33,36)
52.9	49.9	[51,54)
39.3	42.4	[39,42)
46.3	41.8	[45,48)
52.4	57.4	[51,54)
69.2	67.2	[69,72)
25.6	32.8	[24,27)
62.2	59.6	[60,63)
36.3	41.6	[36,39)
59.8	51.1	[57,60)
41	46.1	[39,42)
33.5	35.5	[33,36)
66.3	74	[66,69)
55.7	50.4	[54,57)
58.8	53.3	[57,60)
52.5	52.1	[51,54)
46.5	45.7	[45,48)
48.9	54.6	[48,51)
48.7	42.9	[48,51)
41	49.8	[39,42)
64.8	70	[63,66)
40.6	49.2	[39,42)
34.8	32.5	[33,36)
59	60	[57,60)
30.5	22.3	[30,33)
36.7	36.8	[36,39)
65.3	67.6	[63,66)
54.6	57.4	[54,57)
74.6	71	[72,75)
41.3	46	[39,42)
42.9	44.5	[42,45)
33	26.6	[33,36)
70.1	72.6	[69,72)
48.7	57	[48,51)
36.7	45.1	[36,39)
59.7	65.2	[57,60)
47.2	55.3	[45,48)
28.3	28.6	[27,30)
74.4	71	[72,75)
36.2	41.8	[36,39)
67.2	59.1	[66,69)
66.1	69.4	[66,69)
38.8	31.2	[36,39)
61.6	51.7	[60,63)
63.8	65.9	[63,66)
39	49.9	[39,42)
32.2	29.5	[30,33)
31.2	37.6	[30,33)
66.8	66	[66,69)
47.1	44	[45,48)
45.2	55.8	[45,48)
50.9	56.7	[48,51)
54.8	58.7	[54,57)
44.7	43.3	[42,45)
43.7	41.7	[42,45)
79.7	74.7	[78,81)
67.1	66	[66,69)
29.5	37	[27,30)
67.3	70.8	[66,69)
26.3	26	[24,27)
49.6	44.8	[48,51)
31.2	29.8	[30,33)
39.4	38.6	[39,42)
61.6	69	[60,63)
25.9	33.5	[24,27)
50.2	47.9	[48,51)
36.9	40.4	[36,39)
35.2	35.5	[33,36)
59	53.1	[57,60)
52.5	48.9	[51,54)
62	73.6	[60,63)
53.2	49.4	[51,54)
60	52.2	[60,63)
69.7	71.6	[69,72)
39.4	36.2	[39,42)
60.4	58.3	[60,63)
30	40.4	[30,33)
73.6	69	[72,75)
33.6	30.5	[33,36)
38.1	41.6	[36,39)
47.6	44.2	[45,48)
33.4	38	[33,36)
62.3	62.7	[60,63)
50.2	48.3	[48,51)
67.7	75.4	[66,69)
50.7	49	[48,51)
63.5	58.8	[63,66)
74.6	71.9	[72,75)
44.8	45.8	[42,45)
73.4	76.3	[72,75)
31.2	31	[30,33)
43	53.2	[42,45)
67.5	65.7	[66,69)
61.4	53	[60,63)
71.3	68.1	[69,72)
62.9	74.4	[60,63)
66.4	68.9	[66,69)
51.1	39.8	[51,54)
65.6	70.1	[63,66)
45.5	44.8	[45,48)
61.2	71.1	[60,63)
52.6	51.1	[51,54)
49.1	43.7	[48,51)
44.2	42.3	[42,45)
52.1	52.2	[51,54)
49.9	49.2	[48,51)
79.4	68.2	[78,81)
54.3	48.2	[54,57)
61.5	74.1	[60,63)
63.5	66	[63,66)
44.7	34.5	[42,45)
75.3	71.2	[75,78)
58.7	63.9	[57,60)
54.9	52.5	[54,57)
39.4	45.7	[39,42)
58	49.1	[57,60)
62.3	62.6	[60,63)
32.5	28.9	[30,33)
56.8	51	[54,57)
49.7	53.9	[48,51)
43.9	47	[42,45)
44.1	47.9	[42,45)
31.7	32.4	[30,33)
63.2	74.2	[63,66)
31.7	38.3	[30,33)
43.3	31.7	[42,45)
47.7	43.1	[45,48)
50.7	48.1	[48,51)
40.9	38.7	[39,42)
41	44.1	[39,42)
53.7	50.8	[51,54)
35.9	31	[33,36)
74.7	74.4	[72,75)
43.6	44.3	[42,45)
32.7	31.3	[30,33)
52.5	50.1	[51,54)
50	51.9	[48,51)
45.4	38.2	[45,48)
34.2	38.4	[33,36)
36.5	37.7	[36,39)
60.6	50.2	[60,63)
53.8	46	[51,54)
62.1	63.5	[60,63)
66	61.1	[66,69)
34.2	32.4	[33,36)
32.3	30.9	[30,33)
75.1	73.8	[75,78)
49.6	49.7	[48,51)
53	44.1	[51,54)
34.7	36.7	[33,36)
34.1	34.9	[33,36)
73	72.4	[72,75)
62.9	73.9	[60,63)
37.5	32.9	[36,39)
31.1	21.6	[30,33)
48.6	47	[48,51)
46.4	51.3	[45,48)
65.5	67	[63,66)
46.8	52.5	[45,48)
45.7	45.5	[45,48)
46	47.5	[45,48)
33.5	39.7	[33,36)
54.9	63.5	[54,57)
74.7	68.9	[72,75)
45.2	44.3	[45,48)
37.2	27.6	[36,39)
58.1	68.3	[57,60)
51.5	56.8	[51,54)
59.2	57.2	[57,60)
66.2	66.5	[66,69)
25.7	26.6	[24,27)
36.8	39.7	[36,39)
60.9	48.8	[60,63)
42.2	52.1	[42,45)
47.1	49.4	[45,48)
57.1	71.6	[57,60)
54.8	51.5	[54,57)
60.3	60.9	[60,63)
56.3	51.4	[54,57)
54.5	63.9	[54,57)
57.1	40.7	[57,60)
35.4	31.4	[33,36)
47.6	47.8	[45,48)
63.9	70.1	[63,66)
69.4	72.3	[69,72)
47.8	42.6	[45,48)
30.5	28.1	[30,33)
36.8	48.9	[36,39)
74.3	72	[72,75)
64.1	64.1	[63,66)
60.4	70.7	[60,63)
25.2	25.3	[24,27)
60.8	56.9	[60,63)
39.5	34.2	[39,42)
66.4	63.6	[66,69)
56	45.2	[54,57)
31.5	45.8	[30,33)
50.2	58.3	[48,51)
41.5	39.4	[39,42)
65.9	57.4	[63,66)
55.2	62.6	[54,57)
25	22.1	[24,27)
37.1	35.4	[36,39)
56.9	54.8	[54,57)
68.8	71.8	[66,69)
59.7	48.9	[57,60)
49.1	61.8	[48,51)
47.3	51.2	[45,48)
34.2	32.4	[33,36)
31.8	31.1	[30,33)
51.3	51.1	[51,54)
45.8	40.7	[45,48)
74.9	73.7	[72,75)
47.6	48	[45,48)
53.5	45	[51,54)
47.1	52	[45,48)
76.9	76.4	[75,78)
39.4	49.8	[39,42)
74.9	69	[72,75)
70.5	76.3	[69,72)
39.4	30.7	[39,42)
68.7	68.8	[66,69)
60.9	60.6	[60,63)
53.4	54.4	[51,54)
49.4	50.6	[48,51)
47.7	52.2	[45,48)
21.3	27.2	[21,24)
38.6	40.3	[36,39)
53.2	63	[51,54)
53.7	50.7	[51,54)
37.2	36.1	[36,39)
44.6	58	[42,45)
56	55.3	[54,57)
50.6	57.6	[48,51)
52.1	54.7	[51,54)
49.8	54.2	[48,51)
44.7	48.2	[42,45)
44.3	51.1	[42,45)
28.2	36.7	[27,30)
47.6	48	[45,48)
49.7	53.7	[48,51)
53.2	56.3	[51,54)
65.6	69.4	[63,66)
50.6	51.6	[48,51)
26	37	[24,27)
70.9	62.9	[69,72)
34.9	36.8	[33,36)
28.9	26.6	[27,30)
59.3	55.4	[57,60)
46.1	43.4	[45,48)
61.6	66.7	[60,63)
61.1	64.8	[60,63)
57.2	61.4	[57,60)
27.7	25	[27,30)
59.2	53.2	[57,60)
50.9	50	[48,51)
68.7	65.3	[66,69)
56.3	57.3	[54,57)
49.8	48.6	[48,51)
47.4	36.3	[45,48)
34.4	35.1	[33,36)
64.7	69.6	[63,66)
31	30.3	[30,33)
51.6	49.8	[51,54)
46.1	49.6	[45,48)
62.1	49.6	[60,63)
69.8	76.9	[69,72)
62	69.1	[60,63)
64.8	63.8	[63,66)
71.8	69.4	[69,72)
44.1	44.1	[42,45)
35.7	34.2	[33,36)
54.2	46.6	[54,57)
65.9	66.1	[63,66)
37	46.3	[36,39)
38.4	40.5	[36,39)
28.3	37.4	[27,30)
44.5	46.7	[42,45)
51.8	56.4	[51,54)
72.6	74.2	[72,75)
47.7	40.3	[45,48)
62	56.1	[60,63)
66.3	64.6	[66,69)
67.6	71.1	[66,69)
45.4	46.3	[45,48)
44.5	44	[42,45)
53.6	57.1	[51,54)
64	61.5	[63,66)
42.7	40.1	[42,45)
51.6	45.5	[51,54)
53.4	53.4	[51,54)
50.7	50.4	[48,51)
26.6	31.2	[24,27)
68	69.9	[66,69)
64.4	66.5	[63,66)
62.1	60.8	[60,63)
70.6	73.7	[69,72)
50.8	45.9	[48,51)
53.1	46.9	[51,54)
28.8	31.7	[27,30)
36.7	30.6	[36,39)
54.8	54.5	[54,57)
80	79.2	[78,81)
55.6	51	[54,57)
75.4	68.6	[75,78)
33.7	36	[33,36)
76.4	75.7	[75,78)
21.7	28.5	[21,24)
47.9	42	[45,48)
