CD8T	CD4T	NK	Bcell	Mono	Neu
cg08769189	0.197000439067314	0.674455911985427	0.522149534103186	0.900692618712148	0.821873453670497	0.695539325919102
cg07661835	0.104790283563155	0.452628522423561	0.888456128578552	0.890842509456149	0.902519163528993	0.889424040737602
cg00219921	0.134970268571922	0.815785600318211	0.925816777110599	0.954099303272658	0.946379181765296	0.940595319554023
cg13468685	0.653569728528631	0.914619663987169	0.075612491190186	0.173302218356752	0.0354060065529759	0.0340762823270071
cg04329870	0.246223535047	0.852920764205208	0.869674754858274	0.899911025857632	0.90301116809479	0.909020096313314
cg14085952	0.753794176845628	0.226285051620541	0.903323438974507	0.745284306028783	0.806207269914275	0.908709101948785
cg09318840	0.151780868078753	0.621933553500072	0.468747825923428	0.479268745197333	0.528184250112986	0.511920752100136
cg02133939	0.65903602795875	0.893322476110166	0.0696435189277628	0.922743255183137	0.918415390693224	0.910697376155442
cg07215281	0.929421635296767	0.325640848794853	0.93503492669241	0.94105522830672	0.943623831396286	0.934648636253747
cg07879474	0.657156089627503	0.682895494387683	0.147533093973712	0.774247487299881	0.778459798726325	0.760487127470787
cg00482026	0.886247972929919	0.937796952870043	0.0824214142143087	0.948006753083649	0.942011511992619	0.938477171425258
cg20538211	0.633191756716316	0.712798173074631	0.0750706661757656	0.785837084504172	0.889133902402219	0.878465444436144
cg00948513	0.828744238561133	0.893395053980297	0.113996964541056	0.925986019493757	0.928547785656158	0.921062244313233
cg11525052	0.190289024937025	0.64603917683417	0.103509928804893	0.227443799226816	0.0488644239036024	0.0459066305935636
cg22442430	0.0869412301864642	0.0755390144226963	0.812586416918487	0.0755653697469416	0.107268367663496	0.255492199317811
cg10796068	0.758873499225267	0.904315377632134	0.0883138902850143	0.917446196698349	0.940942193067703	0.932095708410149
cg17679268	0.876463810685014	0.914170453149625	0.0961544143870014	0.881220381375444	0.811473627251174	0.814046492434647
cg27249387	0.941177692147895	0.93515184066755	0.931342637856526	0.928165814794994	0.0772284075633053	0.856807216661392
cg14047092	0.853547093148788	0.924253961075627	0.0972067568884413	0.947932803400141	0.94938658276356	0.939766081721549
cg04298647	0.745000507133539	0.389209811573623	0.843398917050014	0.789590161434978	0.843540878195484	0.84719038221585
cg14133557	0.791882927986651	0.759780972696986	0.0608041371731354	0.708932669743056	0.691507837965592	0.714942655140834
cg03918239	0.67829272300677	0.771554833560695	0.0665956711386165	0.956253774821444	0.926423612129445	0.846243055093372
cg22130673	0.828640478017114	0.842324207828813	0.328341506006476	0.90299225250543	0.828030183087459	0.83932115100604
cg04790521	0.36637633691504	0.735525154762722	0.855067964730602	0.824767522070368	0.893488696129633	0.875218397205895
cg24226193	0.506331536198017	0.376423132432391	0.125592839277551	0.198283548829399	0.078973724955096	0.914277245044834
cg06335209	0.899395124015961	0.924982815298257	0.113877660610982	0.809800662839444	0.880501039895366	0.901299753357411
cg06443794	0.881416306237153	0.440395553870383	0.858021379023098	0.941712006440792	0.948762497864265	0.942931308799861
cg21063192	0.943890580144833	0.937261262614211	0.0803062088999859	0.941886805016266	0.895260109584842	0.905132744549176
cg25939861	0.0816674993146667	0.825993633392268	0.674132446789119	0.9100509552253	0.909888398487421	0.917217645518115
cg13121392	0.351882130697143	0.718402185564932	0.0580110358580871	0.0329495197973769	0.0344293322124253	0.0590898921349839
cg06146156	0.769871806285212	0.323610004282542	0.870831896025169	0.93704984349521	0.946944774876861	0.923113124791492
cg18179862	0.496466248292486	0.209017572899995	0.882828139960263	0.248759357766648	0.277339478047741	0.144053078976728
cg25295512	0.727572964500868	0.345164418060428	0.903326149224296	0.910616330910293	0.913749039794737	0.908205508593583
cg06419846	0.446062461956022	0.939562355404082	0.966541793766142	0.980600584554644	0.982675785898182	0.96998739765769
cg05496363	0.343905006792632	0.826269502123465	0.869054607985443	0.871526629636858	0.896652126027916	0.872086653012327
cg04842938	0.901940616954483	0.87903586861101	0.833739373177596	0.758789330742076	0.0466242988477146	0.81139669401135
cg15901239	0.282126210824343	0.302379931945182	0.16438226125536	0.498103021952579	0.0595300291389097	0.877658619680316
cg02219383	0.495409078591035	0.858096902886923	0.74828499081388	0.920621316494051	0.922278685571695	0.904972260502649
cg16494350	0.844478340503951	0.742135702945703	0.894303050763386	0.84161474665045	0.0662959938808202	0.875009729994579
cg12145363	0.687731441853856	0.80855807341248	0.0582142179398462	0.768774360041848	0.778152629796419	0.65425861577561
cg00467292	0.866789682641611	0.803775980609706	0.264879598874336	0.888115487795259	0.842904218730882	0.845505562061043
cg00941595	0.491230784369495	0.792754231021334	0.0807706128183756	0.066449354056491	0.0626010949771738	0.100174226926214
cg11991412	0.594697343435112	0.106040786251998	0.171113985699264	0.0723594092041986	0.0248706626585095	0.0235237228000469
cg15985709	0.395614178651071	0.82281145556376	0.807376139142137	0.945348859881858	0.927409326486271	0.597954917733142
cg00989306	0.919085578724403	0.927051092598888	0.941337430334795	0.929312088668283	0.0734567231959041	0.930484219692652
cg21274670	0.686665684172682	0.220581879162718	0.798607746566745	0.757312401167963	0.882286375141822	0.818839152316332
cg13315450	0.0636950832035424	0.0661271322982695	0.507250192146727	0.0614581193699632	0.0755816902542758	0.0579238277970587
cg26986871	0.0291218486970617	0.589276673712269	0.0351789242293823	0.0975394942561368	0.0303552709700152	0.0306621967764321
cg17851021	0.489750786622499	0.912248965717519	0.902264545120448	0.916103613933925	0.927266853643736	0.89885947125508
cg22512531	0.0628758363015348	0.532176217378401	0.45161272403913	0.944952036342868	0.948484497229884	0.937618062261817
cg23078220	0.478556251725546	0.763261243544939	0.0663084894885868	0.0382491361854719	0.0382043651067521	0.0617642383919969
cg10407106	0.339266520637785	0.772632072279644	0.887684306384416	0.901719970796648	0.912069637370813	0.907971796581695
cg23691894	0.92293527501155	0.58459274007517	0.951824461054329	0.94029297766558	0.957679837533652	0.932297866261574
cg10508535	0.722560456422434	0.233909856253051	0.884058522387443	0.580021851457097	0.877498155301047	0.873283716882777
cg12274883	0.920618018382744	0.930382605838578	0.931730182067663	0.879387720517997	0.16327412272333	0.907436794861292
cg11322877	0.696502384474124	0.508047467800818	0.0720036430001968	0.12067562302885	0.0331983863251999	0.0342630275369015
cg25376491	0.942670143925072	0.932942429149835	0.928195672401418	0.938559404885404	0.107614906385211	0.738724692354354
cg04162316	0.87625535295928	0.41606441204328	0.95828376516927	0.972216793652618	0.972173773271219	0.958169255327013
cg09257735	0.279030223890339	0.665041358382359	0.122098874615461	0.162171641529446	0.079929476949772	0.0974728804561115
cg15627281	0.231975475199588	0.528637208615018	0.0599508663097934	0.243817445175004	0.0968036206463973	0.158250628977929
cg26313925	0.882676114204695	0.846017448502977	0.891219931760675	0.802777636932097	0.0494467427120963	0.827759608804589
cg20374292	0.949435651944907	0.94514180661284	0.948444401347003	0.947442203426629	0.0697733009021864	0.936765035484527
cg01879195	0.265667135035096	0.265284618869139	0.618184746347698	0.150572784592861	0.0413666325311599	0.047628273936456
cg02324835	0.0728974626666295	0.354748875465691	0.801555946180851	0.919539376118025	0.922628757544217	0.91614710966361
cg24048497	0.414928773183053	0.756651341734461	0.0559620036083042	0.0419931982694542	0.0514359872091329	0.0276897424723293
cg05333648	0.21836363577882	0.698816142804825	0.240861470974308	0.26317766624376	0.298065874827676	0.36548685522053
cg05065075	0.953250457736049	0.946868359392644	0.947595844399968	0.95641203243331	0.163472805405195	0.894964784989438
cg10801165	0.729284737588088	0.470967440108022	0.415522923812637	0.457004564151617	0.275405422531732	0.292797493335594
cg17139858	0.854803595021557	0.866786066902574	0.278295417485825	0.837141530688545	0.83271865052736	0.776594701693278
cg06766639	0.157666961107971	0.429002057213541	0.600938139813521	0.821021866981215	0.860007039281114	0.843540152195908
cg23700338	0.936294711856886	0.946313311979586	0.936055330855882	0.938211344195578	0.922034143008601	0.0610614130438478
cg20096463	0.937802354326616	0.937372736095473	0.369474111524374	0.937102022474433	0.935914889287549	0.926692233554076
cg21796654	0.250382464734451	0.0805645103829473	0.566648432451582	0.101617459005589	0.0348137236483199	0.0251398014260915
cg25862038	0.850663103988559	0.846413931882263	0.840916603465158	0.918852877774908	0.0978188058552346	0.869856794900235
cg18225225	0.874308959089381	0.88373592371012	0.902571067306883	0.86287849095231	0.043187410700739	0.730416367124929
cg08704621	0.924297342578235	0.921810048874957	0.272286424689313	0.892450075011418	0.934133776242729	0.923745503379032
cg07898974	0.62228578083954	0.177743407479048	0.627911849609253	0.741938396026088	0.719007439400438	0.607219018919364
cg08965078	0.914622959553611	0.896482793754006	0.884230097905604	0.901578979327188	0.0899029424286038	0.868698226465488
cg00298230	0.33829724899117	0.25862680262795	0.0771298346192362	0.394507113037233	0.920835126638581	0.640882143211462
cg03956353	0.886059973632704	0.868821690866774	0.3811669183784	0.908625764893395	0.89169920159695	0.89950805482923
cg05298628	0.236707691840404	0.563470730748382	0.04642879898833	0.292525294161899	0.0705367045527693	0.0651413509381166
cg14475875	0.340197127061162	0.596932243484875	0.136083968096334	0.182658947233339	0.0309761614616009	0.0343718161256932
cg15827606	0.890782883112336	0.861323447071054	0.905099457500553	0.0380725459676859	0.906340474276236	0.908795464969196
cg21793795	0.726922321774792	0.760512916204044	0.884036533425003	0.80206877096484	0.0771689459435348	0.825836405423795
cg13357602	0.64641445333895	0.366357518783159	0.324145795985301	0.028956382786167	0.0282013026106198	0.0716265431775274
cg22451300	0.862330130507582	0.850639104991197	0.88165220727909	0.850012216835252	0.823847699780116	0.0714878258692817
cg19349476	0.921029399763755	0.918201747600175	0.426718812289412	0.923068173547236	0.927058476191684	0.920210372060824
cg11245017	0.594244225276313	0.338185168483979	0.81306620857384	0.792403723898102	0.725267451642826	0.722287980340544
cg26061447	0.88752299681749	0.861263075572	0.89456020787388	0.872602733740345	0.8513890341209	0.0530874970662213
cg24365417	0.910629211408665	0.905113745978998	0.865501180737965	0.913134572978622	0.0722114639637487	0.772291148441473
cg25605773	0.915721199610567	0.906320204195981	0.896637758723958	0.916958241933666	0.116033955743522	0.91322253830748
cg04841041	0.424372680888978	0.643747000900251	0.880957274021518	0.882892230990857	0.839506500141033	0.856529687039294
cg04658357	0.424022216637815	0.697494334507604	0.901772055110587	0.897142171888925	0.914598356267573	0.922087444307782
cg16610524	0.946812660129721	0.938711363817297	0.928115676981581	0.836859847453045	0.0759927135005076	0.776598789735028
cg26070725	0.722154715029415	0.488699145512121	0.875383291310381	0.899133689204747	0.920448012726247	0.896761590835405
cg01319874	0.704595057313764	0.740384742360932	0.771118322567547	0.746607322881698	0.0431280685586448	0.700704564682951
cg08156015	0.914269717821508	0.921314750906165	0.933967059247482	0.0472085310382407	0.948959511212969	0.93678020415117
cg07232049	0.940266977280058	0.906178028597257	0.921436105134822	0.0451208927777663	0.950547739859474	0.94495841617632
cg10624395	0.940139529319016	0.920712640023593	0.942065574530091	0.926080954780962	0.122149514411071	0.936804169700758
cg00960440	0.28114880299287	0.53814429965138	0.0331783025943776	0.114677751018628	0.0299570229612028	0.0280528705857209
cg02647842	0.933323235433434	0.927388966883286	0.923047036407351	0.909327697875587	0.0940199075722361	0.875907407224794
cg12800932	0.0584108616415451	0.121104195508175	0.0386755491978395	0.858235182768593	0.0438557619048378	0.348108564398848
cg23428192	0.902814323563727	0.901761966497834	0.43464367282091	0.919533745964728	0.921071768391075	0.8920961395476
cg04976477	0.602050579065382	0.846281473912148	0.902174904169564	0.955315896371425	0.949594896665214	0.889696448500778
cg25683989	0.948892016921189	0.942811485363954	0.92955819689339	0.0423198239680529	0.94371137272051	0.934776281072172
cg17032689	0.455778605348751	0.254116983103786	0.337959765815041	0.485392489799072	0.78890603101896	0.638573877546001
cg25738171	0.80504112025674	0.81252693627194	0.860414047023853	0.713082388220928	0.0535454035276858	0.756896234333932
cg17195809	0.921513875004906	0.922687361727863	0.924487069346055	0.936763528885075	0.0856692378237723	0.880002881181712
cg13937163	0.109437751087307	0.0335100588759044	0.11753710919097	0.843480070007651	0.472445910889727	0.160389736650941
cg09320888	0.955852233898239	0.945415861852256	0.438599415781655	0.957500400638879	0.956458462433353	0.953442967882461
cg18655807	0.373643344592932	0.292339708695049	0.28548903701994	0.106310885343469	0.298239905798062	0.903288170182933
cg20367218	0.56145463154429	0.933799087919136	0.939040460210001	0.931861821622868	0.952217735561836	0.941854379176358
cg00819880	0.30551478354853	0.548330817387913	0.797596520833613	0.842188502263237	0.71667222035188	0.699880607836768
cg02758236	0.578168062494793	0.309659665771663	0.201921204532009	0.0513008767483633	0.0323058242429295	0.0317893170503722
cg10480329	0.959046675545945	0.954331615443081	0.9543492005306	0.949457190820427	0.0684270742302263	0.889201555940856
cg18688142	0.178474777908876	0.303296361133554	0.0462529930803124	0.0325700799233487	0.291495701657853	0.847932125585432
cg11958949	0.225225575050744	0.308484408160682	0.0934115091017741	0.283454624528383	0.22464033311462	0.829707746703206
cg06005133	0.572683740279808	0.406740565524451	0.0838778284929493	0.0493651386493618	0.0505106518523048	0.0382356603852896
cg11773391	0.957035687696083	0.947673014402021	0.949692629302704	0.0311659251149384	0.955414989229481	0.950638769547233
cg00581152	0.921565521889544	0.913735467217541	0.918860769446028	0.937502859485367	0.817206190286647	0.0555913224976606
cg00705730	0.93911487569389	0.931759289695812	0.94380807975155	0.950351641877194	0.924231187622216	0.0436925893763705
cg26086339	0.30203733928467	0.0913269537405144	0.568236781215374	0.252301902212719	0.0346409492521126	0.0350133865193095
cg03722295	0.14562439422874	0.113653964977923	0.0828518209093907	0.400815717051115	0.250260380244089	0.785018932040025
cg27630863	0.0642608881292545	0.0371767906389559	0.131051705751726	0.37451895776022	0.740486526216141	0.261352704890906
cg08698943	0.409981070657964	0.355549058722571	0.276165275123373	0.90035598266987	0.100914788346587	0.424445144191402
cg00819441	0.294026836037804	0.10550568217565	0.593226365658734	0.0934315769137742	0.105460443316675	0.0426796128518164
cg14172797	0.94788676017207	0.921897018953329	0.948261618260029	0.941954745029391	0.112744188692688	0.891113698501155
cg07617198	0.951986708590186	0.953536010689143	0.94420793500794	0.953905785494128	0.0746172621646097	0.864498109439857
cg03196485	0.0981622824252822	0.361292596399257	0.603970529731646	0.872125226916066	0.660508058344273	0.552997943695076
cg05969889	0.934957161705503	0.556215041560808	0.951130499039459	0.954586283971332	0.961561125966881	0.953120110167496
cg13852284	0.855270205619904	0.862105869862164	0.880526389568017	0.920393272038476	0.905728067375093	0.0701380194868533
cg15332094	0.463544617773318	0.838045994551304	0.194037630974458	0.0295965592068464	0.0321139360423232	0.0262120355512344
cg22474767	0.763809903462986	0.805828126067047	0.827138880347792	0.830116276563014	0.0587218498806898	0.945539993150164
cg06993524	0.953351103460466	0.950715818437215	0.940988356937618	0.0416124048006634	0.950244442005452	0.93874501705549
cg01842756	0.878913717806199	0.910137628037305	0.931561457271368	0.88167445525208	0.103485897167308	0.879050303802946
cg13233827	0.828773874621525	0.882353067433622	0.481082605434129	0.868913933424466	0.929061796214386	0.939961764349035
cg09398502	0.344664262378792	0.616100470864399	0.0531864452116398	0.0399542977694204	0.0463837039379253	0.0451265946760744
cg08482894	0.702262448584484	0.379453547267206	0.266972216457785	0.045854657630657	0.0369305856390623	0.0344255720268945
cg12082346	0.510076500363461	0.802350352228088	0.0782928935747761	0.0249654358432983	0.0302249684957329	0.0519618379250794
cg25719851	0.421983442920207	0.214734179692036	0.784830476154258	0.373271473277834	0.25537592247876	0.135838760720592
cg20030158	0.96314592922734	0.958099947221443	0.951320357245218	0.958030917228333	0.956185054566296	0.0900028964121158
cg00910503	0.983089689177777	0.97507307692641	0.488475137857615	0.924412279491866	0.978792548598078	0.976463092255736
cg22548551	0.904561764669397	0.665385716986082	0.933194975248728	0.929749399731452	0.94207269255978	0.937654492481833
cg22213242	0.574300682409738	0.872382402745056	0.893981588432524	0.875408772376968	0.900074253060937	0.894054263846861
cg06739462	0.72585777898114	0.424787851384266	0.914341132740008	0.931469881350083	0.921621960509267	0.915985022198743
cg12604490	0.940894195562094	0.918569926242067	0.932645832181488	0.057098356924437	0.932753457320873	0.91933000329783
cg26712140	0.948871240347567	0.945351505514138	0.938644338085829	0.050788940559864	0.872225477817372	0.948607391010309
cg15474337	0.19864399334149	0.204785054088483	0.104138954606717	0.0312660602956293	0.0325517935593636	0.71933311409562
cg23872155	0.908353031332694	0.892197185559248	0.865833518222683	0.0320465400493576	0.887943995788962	0.855804724456542
cg01012950	0.352166647276466	0.229181470597455	0.128461554781448	0.0270971911086669	0.0312599528397589	0.707459885164239
cg14458725	0.939712853575793	0.930494778623901	0.927333033076432	0.845433507322375	0.174518359988875	0.894681725594925
cg25078519	0.903529785531774	0.897303112048884	0.866215041276012	0.051713875598161	0.903571103431655	0.898734321296524
cg04087102	0.39850900477802	0.767285691455227	0.81919490562543	0.833762462694979	0.852260711327104	0.846228331282015
cg16893868	0.228338853019462	0.176254108335457	0.600230971923865	0.092481449184263	0.036313579722871	0.0311472189480425
cg18494987	0.442747383835844	0.747312725020413	0.820070223478235	0.899901147068071	0.943936478762482	0.933702569144947
cg13708055	0.948133895825439	0.924386233045376	0.930361490885813	0.783933531828252	0.0393583050271818	0.784372525144246
cg07910010	0.949000897281447	0.947201473682494	0.945471130759726	0.947945619741327	0.838156994676713	0.0676881995799633
cg13823257	0.937355451892847	0.93037916920817	0.944127037431827	0.0763436477329602	0.9362462140312	0.927491899121575
cg02735685	0.925787926377689	0.921639984724336	0.922412635687741	0.927063833859398	0.888866447924018	0.130965418474283
cg13217762	0.883710026882191	0.869838186134906	0.846067540607942	0.785321667773139	0.103893582479805	0.791050207305006
cg03184447	0.724936763996623	0.796574444145244	0.254143820951988	0.830502526684293	0.775728964074174	0.753728875944213
cg16681873	0.202389355023794	0.520002298964145	0.76704523607114	0.826541357489203	0.805622264115651	0.769057909838254
cg26795340	0.878852095424457	0.88026888264811	0.870930798992101	0.0332608282161107	0.856472684227585	0.86104099996685
cg25882572	0.0974317869414603	0.0335296751113629	0.0293658839972462	0.942781360763199	0.499533138701801	0.0303203824639863
cg15014975	0.616476045920738	0.916506283585136	0.860489446395765	0.972500829770607	0.970966106785688	0.953623691136487
cg22645539	0.735673121389897	0.536241053693365	0.297024465923474	0.208114661940134	0.126997527483478	0.130046821144949
cg23432480	0.306309448560829	0.466693798966456	0.192368434299756	0.883885902114188	0.0642332275592099	0.0506026339093926
cg01692842	0.90456436537884	0.903880793655374	0.908560182910494	0.930623806675036	0.881571716708742	0.0401056325634567
cg03865101	0.923469835741105	0.918503201408983	0.784472253122245	0.88094406822978	0.895677755024711	0.0405434601778834
cg23195903	0.724960741987703	0.773729906036924	0.799868860831761	0.742257912490945	0.0818157126056128	0.675790265996677
cg18670770	0.875649359470566	0.630493603649058	0.352989066035201	0.398504945240922	0.288913195774732	0.294572810122105
cg01795081	0.0566564151491549	0.0486524676757595	0.409723986525917	0.120924566691463	0.0587152170393733	0.0329102721209075
cg14426428	0.0581781427404964	0.0490995643879225	0.463049423292239	0.0388113520938318	0.0489223194547772	0.0442106430572988
cg00619207	0.0611088180357687	0.0629635564498288	0.0637263301232951	0.852364959242507	0.110346048592934	0.465150861265268
cg21410980	0.899320719430767	0.569640820603933	0.937887923441007	0.937126174081137	0.956895675756833	0.947829651665062
cg04100392	0.944615437528207	0.942295134108134	0.943313262753301	0.0328755933449749	0.951804200623589	0.94236815940989
cg12092786	0.92203660400137	0.921747502615234	0.922442857857754	0.0448810983911093	0.926829082221432	0.915006488148519
cg00484798	0.923530447340915	0.914161936302065	0.91671396983443	0.923126925426629	0.855073035264608	0.0672007846163994
cg24054960	0.371881649867329	0.688518342756882	0.627112964904628	0.727276055300097	0.664147271530296	0.651358411732463
cg11117926	0.802209165471448	0.507761918194979	0.910517742068928	0.911757317168059	0.929313380018943	0.918021640260937
cg05316439	0.182802472961826	0.166018094533968	0.167203316297101	0.891000803282349	0.510709254692665	0.233200479955063
cg10727316	0.0328841294096321	0.04606171755505	0.039390977059921	0.936275248325908	0.0412993458664249	0.0256748806660957
cg09689296	0.900239664014856	0.903503277891735	0.384003072935048	0.934021712881397	0.894120168276366	0.903512081569153
cg14898005	0.960447122706621	0.952245764711195	0.954576548590067	0.953546390273486	0.321958272201145	0.95260364077082
cg01165928	0.948494628830375	0.942367925303514	0.943301900055427	0.0554779568953148	0.940949340298298	0.928569180409564
cg11826773	0.897541438085858	0.898067651357688	0.852347253204301	0.829498708377598	0.0742723588340554	0.896261014651961
cg14139038	0.26598658156606	0.117212263507315	0.43644250184905	0.264854067134989	0.0436936675109085	0.783989552448281
cg04087681	0.875306881364293	0.876575665244953	0.870507340756974	0.0505537153911496	0.876030146064692	0.90370457142857
cg15420606	0.797971967786168	0.481594803758715	0.525248380762251	0.445898254583972	0.183913805066843	0.199411981555379
cg16567823	0.95366965873094	0.947029302294379	0.942395701808838	0.954209961095266	0.90762115218495	0.0385225489094433
cg00297099	0.935212836240452	0.928371915889708	0.926632501513556	0.0575493878485015	0.934669282063646	0.925804564544992
cg18890248	0.948622308551553	0.941513542245067	0.920538945637352	0.0293342972789077	0.925801628037985	0.872239308815898
cg09626678	0.296888884522605	0.301834789078473	0.203348812001734	0.338505548368441	0.792719674773813	0.693514821570858
cg03404662	0.16694152757593	0.43794714927875	0.0529197618408688	0.0565055598839592	0.0466586841429643	0.0452519079253825
cg00475745	0.883676607087667	0.935720797480778	0.452226995492257	0.94584483139632	0.946332757365046	0.938981164708269
cg24684432	0.0964395645282697	0.129967109111686	0.0822423756908372	0.406246738666131	0.83161550268027	0.181784108315694
cg01219426	0.0470195655220053	0.258664212739341	0.0563893728379193	0.161606264830458	0.562770517701535	0.429759143837546
cg00567930	0.472553386631986	0.66165431278943	0.824433568888235	0.683065508573959	0.856980327510495	0.838194224999057
cg19269039	0.032881022476855	0.0367550633081067	0.0501491322087411	0.879689744596338	0.109786711609713	0.342674995479757
cg16851138	0.919386262648428	0.901864657215707	0.495372924240039	0.925464735600051	0.915705108811998	0.881552989054075
cg14063530	0.106937692164464	0.0567571731777812	0.467812804190531	0.0332396140170226	0.0313394395193838	0.10534142755214
cg20587618	0.879313814443236	0.86916292208715	0.923346910374873	0.0374758414311576	0.927033686680802	0.937667008229448
cg26148644	0.307772908204036	0.193229926468342	0.273759299223657	0.0396850934337097	0.31260606032703	0.744349017427253
cg07984817	0.93319513127243	0.933785846943046	0.937645746316459	0.941175475780897	0.806983137787416	0.0542160446324512
cg01926777	0.179715317156083	0.104464646062337	0.37338808747941	0.0360499960475923	0.033655850621406	0.0283564643701798
cg13699412	0.948079397092556	0.941583158798328	0.931721056398216	0.945238909669114	0.932202777200525	0.0587597289298658
cg17311916	0.810726646998007	0.570899622089432	0.88784358247139	0.923681632768431	0.945321858900677	0.938151596085211
cg09010370	0.106023464412149	0.0477306034765538	0.41215940497245	0.12929287871143	0.0793770762377936	0.109992594848457
cg15278204	0.536253123821974	0.389698785382913	0.0837152667536836	0.0353992470228002	0.0684295077642673	0.0717060558991766
cg13274612	0.873877532697455	0.862285556779741	0.877148993264928	0.8764516417576	0.110967176361199	0.690763791659803
cg14185420	0.401779823996418	0.313298779124004	0.0552874237202308	0.0590374874005132	0.0403560384918715	0.043618435029005
cg10914422	0.945089302298373	0.945672348335032	0.935976643819435	0.946099738933805	0.941187651381114	0.065023220583434
cg02833739	0.934054811730135	0.875719735502642	0.935993386762645	0.941297728651805	0.853706872972069	0.066027877704467
cg13022415	0.933149343362579	0.935125785100316	0.924582912106251	0.942858503756814	0.853068404626356	0.092315506254254
cg19174924	0.904660410132342	0.917410793234782	0.924791994059909	0.929988760002062	0.881103173104995	0.0481695940652273
cg12377473	0.044065261527798	0.0650311514796325	0.048357043463077	0.128091380939243	0.72721091677897	0.561617683172731
cg23719713	0.892346050768955	0.936325887563451	0.926587802566023	0.929504625646776	0.244526915296465	0.915206593992207
cg22625232	0.875885261133521	0.861273609523738	0.885754041795032	0.0342639978341567	0.909560544426613	0.897365446367157
cg11324978	0.411814701043751	0.3472050473905	0.565033114569878	0.465346083363372	0.869729169762545	0.710640156199533
cg21604944	0.90503769319341	0.88929813051644	0.903724529336725	0.0398827521793189	0.892929948579289	0.94803233549336
cg11689625	0.49137701836095	0.291052901405864	0.204877045060142	0.104389432579679	0.0412358219370038	0.0381384936294346
cg12132133	0.210747297620888	0.178117726250113	0.515272786329179	0.116651020899839	0.0353801609566402	0.0357592491925097
cg09704146	0.722158494130414	0.39635022241812	0.917630267502531	0.860719650098464	0.946886466962152	0.928041276029678
cg18566452	0.516803265783948	0.524022318748973	0.250686899912723	0.495496341164535	0.591942355135109	0.916095198803166
cg07302884	0.0641782432448583	0.435236656667723	0.0331095472503277	0.0540958983052833	0.0284933876120918	0.026412826937156
cg23950707	0.899852514486656	0.897556617750182	0.859154390740868	0.836795682802028	0.0492619853766852	0.745115699396342
cg19580293	0.835794291114405	0.844568347221875	0.8851421551681	0.91006606824472	0.852141900373397	0.0515771350663685
cg08172426	0.259387614240651	0.517065769175512	0.656503773786123	0.784795026649097	0.841647324720467	0.843191097071742
cg03377878	0.942954452819052	0.933564659614033	0.941495396795578	0.0603043917079287	0.9354219245553	0.923603845713473
cg13571479	0.216355423655548	0.450773395135756	0.706701063025175	0.498795650112231	0.567275249761511	0.54679429691797
cg20723459	0.925425799852672	0.919134743235382	0.929738084024258	0.0313615448819753	0.920069106295505	0.911781422992001
cg02739893	0.893569702657817	0.900547914367092	0.491837832973799	0.902270013348338	0.91688711251056	0.902640565412071
cg02244028	0.944285681928151	0.937671728244834	0.926489609115161	0.940774834302125	0.12086519062497	0.896347765187941
cg02212836	0.390236882607505	0.286915864043011	0.445024724732651	0.06392640844983	0.15506649949563	0.837248425074494
cg04009588	0.16276288952963	0.461984780387218	0.0640957754881182	0.0573171361256681	0.10109407119201	0.138284134573171
cg11014468	0.950265894682125	0.945359072292032	0.936399508456841	0.951439349580311	0.944123932656811	0.132961274792014
cg09884042	0.926466593449861	0.911129951998542	0.911343340181277	0.0473928794662145	0.939977446622279	0.931634215463395
cg06399735	0.302597323703728	0.211883159463347	0.336644817500872	0.726824281089792	0.0608105569882874	0.162747394089957
cg17960629	0.510295544918106	0.477486752540736	0.518157983826349	0.656548230234785	0.53117398115384	0.857889876569556
cg01760279	0.881915902067101	0.874233130764463	0.909321190476032	0.0405433218259945	0.93423826591461	0.920170769715835
cg06035956	0.735554528305237	0.897353937152081	0.936798447420272	0.891571852761906	0.949730947752795	0.948934590792967
cg06892465	0.921432197482682	0.917386515683164	0.910662557530686	0.0541319882575338	0.92006204706924	0.915025291948337
cg26957356	0.82644925856143	0.485694309398829	0.871770010374412	0.950932971461088	0.943983533724567	0.92443728338049
cg01823975	0.627370435369598	0.8075008108742	0.902141090306877	0.896340055647428	0.929070975880275	0.924041660126437
cg01957768	0.859013646330615	0.512671452670482	0.941846309047066	0.9465275614468	0.96086553817481	0.941156867379461
cg11870153	0.457038246958936	0.274428713123132	0.0954635559728869	0.0265826713210632	0.0282806420786976	0.0264610357604416
cg27232680	0.885837140150714	0.888768597483136	0.893890044296128	0.0445895508584706	0.936615115725446	0.93333345678334
cg20290017	0.954409301864718	0.946103038223701	0.948804521580518	0.947179992284164	0.152048231252117	0.920776099560359
cg14557721	0.77019594366707	0.73134300334162	0.77443692252617	0.769146341279724	0.0722375685320151	0.692458351952343
cg13250661	0.383682792093754	0.334961595916147	0.374066851566568	0.876307930718793	0.468164825109525	0.387005723965769
cg19691546	0.671890523678933	0.446909210892891	0.271912635328405	0.379991042343854	0.153364956421921	0.161276907122493
cg13063614	0.65527333963766	0.55010029214832	0.312592558146516	0.321240458982822	0.324619899658804	0.328385017480937
cg26653677	0.0443722542349015	0.0558264056461038	0.0476461540271704	0.823768189151188	0.176200633185424	0.0962171592155496
cg01960300	0.848928714354872	0.847658297008139	0.465331734122291	0.821549970394761	0.86141755913174	0.847449766911312
cg06809364	0.932265645164315	0.686606088916548	0.914768582931482	0.945226459446562	0.945915594349691	0.943435556390717
cg24737761	0.928058073122096	0.933740647699609	0.893199010232033	0.939218936096327	0.858012664023552	0.10554777044248
cg09723773	0.946906494435249	0.940224897686262	0.940012398325397	0.0751636930595009	0.935891908667371	0.932714690108172
cg03815480	0.242620130458895	0.196659124677007	0.055451726925544	0.233434613573672	0.0425667417025974	0.681697953381047
cg21369949	0.311147468300346	0.080071414141754	0.047850009318398	0.0272725385729854	0.024838205049798	0.0312077272134936
cg08844422	0.947651295098959	0.946787093970279	0.941141489363592	0.945782683097052	0.0978077136935169	0.870862505645355
cg22180675	0.928900163379128	0.930799055011663	0.874987884743004	0.91416347497115	0.0797850097624045	0.792755684132401
cg19205064	0.575495762976773	0.257708367074611	0.673642674916796	0.83057480659218	0.823971136511047	0.750331153876592
cg09388301	0.936224503703989	0.932788970321296	0.929198460745094	0.0530998784430433	0.927667538603875	0.922598177284041
cg04081928	0.115443101250096	0.0828093252238854	0.377145233464364	0.039302739661971	0.0273948579216436	0.0235350741091118
cg21710377	0.0368401616366849	0.0365404621158082	0.0363387972466278	0.418691637288677	0.657762519952033	0.194276932874704
cg23184711	0.0641479019780072	0.0696634488586693	0.0658153185321325	0.842103018133873	0.0912719697740054	0.332066993212597
cg10383428	0.599745865900743	0.610839488166572	0.536411402121053	0.767635151027695	0.892457640798801	0.6350032732723
cg13190003	0.940226745327421	0.925417552842257	0.920965896415504	0.941372921981996	0.891190307803209	0.0734648606297496
cg11775828	0.159878193259065	0.144080626984992	0.0962317016579167	0.413488412294444	0.744392360957667	0.524892092992969
cg22165522	0.382159382309347	0.337547061425521	0.0624278650078381	0.670583974943238	0.106559296066967	0.186702818767248
cg05085499	0.252108598862169	0.0470340766189972	0.547315761337322	0.0267898381680062	0.0220463934295218	0.0294423723127258
cg16905438	0.932262843173714	0.931997150812104	0.927473541572693	0.0416009015708395	0.926390915956827	0.921783075152513
cg02015961	0.945377793559769	0.940751246752122	0.925583009066208	0.943686353821731	0.909614413636176	0.089962610504557
cg13424923	0.225995861412903	0.1233620601494	0.372564696503056	0.0742068762156663	0.0956881843169387	0.096857725045578
cg03533256	0.77407093333308	0.784742396380225	0.863962607715029	0.859794084408441	0.0616649993949346	0.679108347465945
cg26341831	0.0464960779868477	0.188784781974956	0.0697178178893507	0.0277867926195411	0.196591103905894	0.834247027192938
cg09469986	0.897928663303664	0.913868299828697	0.908605756543061	0.0634449555596471	0.935150386775012	0.93688981121528
cg12687701	0.910714703957708	0.91856022763645	0.886047679040411	0.0443555993636382	0.92615600298592	0.93088300454735
cg00661777	0.169908693068208	0.257875437391999	0.0632048172294673	0.0543824975440912	0.0699599427529689	0.790669835493336
cg23946394	0.957861085182869	0.948778260984339	0.9393326398476	0.958479722879634	0.877312869381709	0.0612855784293274
cg23357708	0.263186716188723	0.265243668369389	0.097734953015467	0.851759581196263	0.0501683178089267	0.0378697005443334
cg11135202	0.90087284093471	0.645325933141062	0.940573486595573	0.960080144106241	0.959809048203704	0.95874948970919
cg08078218	0.946429473282314	0.942092844446048	0.942864820707953	0.0437210623340238	0.948574135183035	0.939367406369824
cg07731392	0.939852354521135	0.925532166906965	0.805045288225194	0.94014449559603	0.90922041869512	0.0574006114755665
cg15854154	0.587538258556025	0.548777427157485	0.506553147437604	0.452296921094955	0.604549947910956	0.87837685655068
cg27477043	0.369604678562434	0.142319645034483	0.075484825130306	0.0157014625163241	0.0146741633117393	0.0197450332984379
cg19270965	0.43534485912078	0.412664711174688	0.585112111884087	0.382617676120187	0.624648525379103	0.925205996059128
cg22727407	0.933334634672288	0.934900062512792	0.925125265804729	0.0468871414925543	0.898101607915299	0.920086977118404
cg00225157	0.20559705951426	0.324718864301593	0.406861712028074	0.375218090471884	0.422419243723158	0.426966839167215
cg02046836	0.864754093851525	0.832775824248392	0.460984142167922	0.877616580013369	0.908868283969568	0.858326329756565
cg27567284	0.920985219436121	0.894283948712901	0.908984242469472	0.037330905384428	0.944154516242305	0.937530421124157
cg01926319	0.217508559858278	0.0708466805663327	0.560943306402297	0.0968968661745521	0.036522632364266	0.222838297910492
cg00379635	0.804173549382936	0.831752688216682	0.305095318679635	0.917037268946499	0.87043226525005	0.84478621211871
cg08665903	0.309064496843557	0.271367093224841	0.190571334035487	0.0871694259602975	0.18454117545646	0.652504492004752
cg04751498	0.923152228805008	0.683785305438893	0.959297614288212	0.945137537760503	0.951559692782063	0.957530926371451
cg19279471	0.115467243106889	0.243560124024756	0.0558423543571184	0.509032697576742	0.032644467021899	0.0277759794637036
cg07195748	0.914051523782687	0.911867759898492	0.906186405372029	0.918914078121124	0.858002911343402	0.0633062924761089
cg08305103	0.952713558423594	0.934023015972641	0.944426464393183	0.821128563631575	0.384960792798533	0.932583101135806
cg08560387	0.0299307565223619	0.0338088902101796	0.0278491996609502	0.686078481926918	0.0365446923665189	0.0251134617503241
cg12419766	0.907764763626815	0.611698581848952	0.969832180774043	0.978617878590962	0.977821040051961	0.976038171431626
cg23836155	0.437001816565158	0.206351709880751	0.106623996943727	0.0571254118018573	0.0254747479118402	0.0244170736686245
cg11107598	0.613678712077379	0.35356317168552	0.356083974414345	0.102982894078831	0.0507552303462129	0.0509387330287602
cg09038998	0.302339889334626	0.208849822610978	0.431251716527758	0.129472927169862	0.188193924698801	0.166807331882399
cg16941568	0.604913214124246	0.464329179275849	0.363532259787419	0.357627986504657	0.323391185049297	0.359038902012628
cg23398076	0.125560122568685	0.0814772849446261	0.518532068605686	0.0545926532820047	0.0347367043159137	0.0378840550874377
cg25659364	0.288060037679159	0.244063518537689	0.168792772898343	0.80836885380566	0.311888275140928	0.279930629475024
cg04100356	0.935647447650081	0.882152102116458	0.873627279738513	0.931769343869125	0.820561558511328	0.0394038459511347
cg00934800	0.947779907662631	0.939859537212335	0.937234971457399	0.952922239788421	0.859042042018903	0.0993175648215453
cg08316380	0.469996497768136	0.678894976457887	0.757490241735694	0.865008839308431	0.815928102972584	0.812291272675571
cg18886071	0.155758834044075	0.042621060985532	0.534652743941623	0.0490402733048299	0.0864770037161524	0.0335324233222588
cg11514097	0.0653342380103537	0.0856307880770143	0.0401679010976044	0.635094852534455	0.075736486024524	0.032231447470669
cg02203737	0.137816260839571	0.171950748015114	0.0498989854422508	0.197487689083275	0.0418493254105651	0.541582231149367
cg01699630	0.922340019622273	0.922520895633421	0.929542443412494	0.93239883408813	0.937469119874144	0.108931182100691
cg26133266	0.518559177027883	0.332716207430399	0.278008115969186	0.290113509753186	0.235508639243093	0.244451837793821
cg03860768	0.887172617510417	0.906893707028497	0.921129915930728	0.0347755003573599	0.945336896712461	0.926225145793918
cg23942604	0.0671650267502187	0.413411961749943	0.0366216687010377	0.109792008695439	0.0311625745203531	0.0379897536921005
cg25495939	0.910463295766872	0.899780193864236	0.904406382793136	0.0816729415188391	0.856102264512484	0.896749922542414
cg23038529	0.176620503126159	0.144128340773553	0.54948986493176	0.153878169005456	0.0319518422797624	0.0450564269692749
cg05381300	0.795912197660247	0.581010004382801	0.854510661436287	0.854030081201535	0.908199130438411	0.891133948140574
cg14969185	0.678628820259781	0.721591923169682	0.428905153747699	0.719316154577351	0.749625223718952	0.666246515930596
cg24996282	0.33771698863611	0.558373888679469	0.687286101578562	0.617694701441875	0.794350861431836	0.768272331476112
cg03261800	0.424792301096197	0.331146791875931	0.227668187243329	0.898459858339165	0.232575871245483	0.241326879368318
cg07337854	0.943499093080445	0.93283252476253	0.904705612498757	0.0321511491400309	0.898858059589203	0.901757222815034
cg25106561	0.469027777286427	0.341969773899603	0.110832738657402	0.0560982906879741	0.0237922194235135	0.0223314574082145
cg07993518	0.925135969749698	0.915824619490998	0.91825677262093	0.92867006365801	0.870042542099158	0.0828640932113731
cg18624930	0.0422300346221753	0.0589333306333244	0.0388256982861161	0.0282472746984973	0.475024842319894	0.33199010783984
cg12711722	0.0302068806681608	0.0327840416013642	0.0309633014641133	0.0337121889286676	0.589960399495038	0.147943380113672
cg10613215	0.0303636655320027	0.0356583523533989	0.0374434977931321	0.0290075421482078	0.0954077279543174	0.900176184855564
cg10217454	0.942952898265515	0.938194206448403	0.919250133450403	0.0379577404588562	0.916341285960135	0.922190546439206
cg18285377	0.0810002735683293	0.325800290349943	0.0332584917847413	0.0357985854816435	0.0300328894052859	0.0272354644305
cg18559386	0.257952824900593	0.264080356561344	0.244589555263145	0.886052585236632	0.260009822443893	0.0423054008436879
cg14510967	0.0598927095013603	0.310706307336286	0.0383275331976136	0.0296191625025394	0.0286901354913676	0.0302233963011741
cg04208803	0.157851052238524	0.373761389957794	0.0946261327310091	0.0955732455715035	0.0822878612063882	0.0857542126954417
cg08490607	0.897538088503643	0.676061378580349	0.913334347051702	0.910316708172118	0.943452689657984	0.916000083167234
cg18597176	0.0589715993904411	0.049959612803242	0.0747144239797423	0.024653375725967	0.730464021749787	0.616439313236971
cg01905489	0.1221796939455	0.16083068198168	0.378419672689841	0.12013791598405	0.462993430044545	0.236442179104555
cg16007063	0.901252174920237	0.908606379849181	0.599840660147563	0.943810189654068	0.935676116293914	0.902973279920954
cg10526559	0.143004545903866	0.0486622710546134	0.324441197103096	0.0292406025162057	0.0282280789688543	0.0420939564161328
cg14637146	0.0637273896403233	0.0534832287217639	0.134657775336466	0.034495040734665	0.0688187870668133	0.555940297557349
cg03903882	0.907489474000946	0.892253102375116	0.892685693173571	0.89460708007404	0.845019622984087	0.144452770558116
cg03699843	0.131575567248906	0.171907369990682	0.097644713283027	0.587576544353441	0.0817658806097301	0.0864918149759952
cg08046642	0.866366915301159	0.858123887354999	0.864037604270364	0.884191703245149	0.792618706777366	0.0829503032402552
cg17978283	0.590466383868023	0.451155881013715	0.187452085486128	0.0883358488464688	0.025985502472207	0.0233149215312549
cg26070063	0.953410183304562	0.944450872655882	0.647830149849857	0.953111578147475	0.951011995748577	0.947570586603417
cg04708975	0.216815563224297	0.152627739118109	0.415475281650795	0.0375263907033645	0.0290108643095289	0.0299061965300705
cg05089897	0.956606564967843	0.948824001319125	0.92374271373555	0.916192000749755	0.936489755171149	0.286754159892475
cg22106917	0.196886611451688	0.196404092361531	0.077387022149638	0.32210923696641	0.568989412550162	0.353354802535637
cg25006077	0.947705938617725	0.931704289522659	0.918496821161871	0.948424611486671	0.924862468304144	0.108321979828161
cg11357374	0.767908453380044	0.571243204366547	0.913906160040817	0.864506758584264	0.924469759343396	0.894579521783986
cg07431832	0.940776701539838	0.937639881374899	0.92616875467145	0.933361107219866	0.924296257067265	0.162883874115837
cg05936004	0.93937769642116	0.937525931335403	0.914981947420484	0.947188990399225	0.867052064142802	0.0535698322711217
cg17621960	0.94877776069406	0.949745256693432	0.61091453384224	0.959930696318441	0.957444542908149	0.945727469102535
cg06213231	0.827278983919662	0.87417668448395	0.505363604981918	0.920546139942346	0.927700978168714	0.902560052465546
cg00678668	0.899019850672641	0.597586817952915	0.91153941293999	0.949573539718937	0.949536298937803	0.94336662836482
cg16730327	0.123230760196195	0.188876197001235	0.0504118791442566	0.213408636394161	0.243447988796572	0.564275037332043
cg12627299	0.602673729382903	0.75024968993334	0.804375598967516	0.817482099195548	0.823299861087939	0.810470334449604
cg26221826	0.548765798125735	0.702536194527788	0.746326661347625	0.728100517327678	0.865684896311279	0.827761145905068
cg23774349	0.791160034072842	0.839764217712735	0.39223773864375	0.801552805360118	0.810800573132343	0.803414284017703
cg18654102	0.118667206040261	0.159112951856663	0.334419867251835	0.125022992768299	0.0590442896009482	0.118222102557276
cg25593631	0.381447838529088	0.670309320067934	0.705849026850625	0.680628469159116	0.700820517345042	0.68745795048901
cg19172427	0.0995349206696838	0.107750210736184	0.406939162829441	0.059877160973226	0.0591260002629108	0.0495299620240173
cg11603365	0.0488239284936995	0.05622089758312	0.0460257962108031	0.0383727219472929	0.444867512763895	0.344837258235373
cg12629689	0.903401256483483	0.918310394737368	0.531420799557829	0.882706994829688	0.94291973639615	0.931350035842716
cg23929682	0.188121789015849	0.377975901992637	0.0822789646955429	0.091386204518483	0.0612050071458378	0.0624059532411352
cg04880464	0.18812253655607	0.154472258868644	0.028193447540666	0.0229176765598432	0.188487437239224	0.545983951049188
cg14158710	0.032850198074554	0.026284594049092	0.0449896011615739	0.0675957800563976	0.35184119221371	0.736963393495835
cg02774968	0.448837109629479	0.381225331239356	0.330033833758908	0.764983936129179	0.420406773294718	0.277079198785632
cg22843803	0.0464408407677244	0.029746278539304	0.271330554582965	0.347163032761159	0.524296130169005	0.236822381974041
cg02099683	0.0789274933380628	0.081781691578773	0.0595951902848735	0.140342644711218	0.491148433681296	0.204369385038752
cg16649792	0.949801791215717	0.938602779590641	0.929445173139332	0.939591839683264	0.87732554799452	0.0507800201900853
cg18467034	0.526901074112631	0.815094788895874	0.804073076271244	0.893399025309818	0.908530628088164	0.911971318867495
cg03800712	0.112870045751603	0.280188403960863	0.0617143760018065	0.0849722734801326	0.0455421121855443	0.0455228074425774
cg24955895	0.0325387432133798	0.251045352139616	0.0238071232278923	0.0271084211835797	0.0209122935884188	0.0225025962850371
cg10981962	0.866863829571193	0.882724233577368	0.464748981521995	0.920919932811896	0.916720068281771	0.910356613403114
cg10422093	0.788612572521604	0.757222894415675	0.800027346595303	0.816530948252669	0.270141583195977	0.716242728470154
cg12402033	0.138690788192073	0.300456341712364	0.0394806592309612	0.032041538495476	0.0356513574502737	0.0344758790548767
cg00458681	0.0721739714152476	0.0567567934062528	0.147976796922626	0.794653119048766	0.375468976519705	0.165697293988163
cg05756986	0.200126486195669	0.175469999726316	0.463167359319729	0.0212846386797669	0.0245456719704633	0.0256247535393871
cg00133995	0.131843213921508	0.303993127793974	0.111202053026001	0.0367228131856741	0.0412859883711355	0.10642242460321
cg14503291	0.118124941293245	0.160587246743831	0.0533400980981348	0.551640385887001	0.133135854818175	0.119004095468539
cg10076040	0.814072242741282	0.594707516033584	0.892234433990672	0.938675931960894	0.940516310297619	0.937517604998678
cg22367165	0.464029436527606	0.264688403300305	0.281273741662865	0.0202285321623217	0.0238917636570193	0.022970111076359
cg14217091	0.400233619426858	0.30502531143077	0.432567057516924	0.579382072237016	0.769949878010855	0.579095308635072
cg19215266	0.328906374547082	0.263840688694957	0.411405745245545	0.574328587905531	0.824292874071023	0.572481005511294
cg00570498	0.218205621653581	0.294255500450064	0.484697348819056	0.589370848447093	0.838518253950853	0.590896172342166
cg06365890	0.73239807162814	0.49074266720887	0.303373582862417	0.219032784567526	0.0464785028237086	0.0499270908848901
cg25312163	0.364296379357533	0.246104752641885	0.0853108800835387	0.057505133304027	0.0578742885477358	0.0528521651921193
cg06636347	0.351185511600985	0.171575273311463	0.0751123993867933	0.0520775112570947	0.0247591310488499	0.0277031772643183
cg20075442	0.211530666897676	0.25175315549857	0.0301158677784174	0.0209464767586883	0.0317425621012952	0.50384566255487
cg18974164	0.456323675076101	0.472399215517647	0.374873835272345	0.502994477761235	0.732651865530185	0.58998521717031
cg12621097	0.926375966580981	0.915457693339143	0.915145529814209	0.926825896759414	0.92405486999296	0.098690738916151
cg21143020	0.893402401973499	0.902965831906389	0.385409932462544	0.929704485383426	0.933636625060123	0.909352467984444
cg09993145	0.0194270924355445	0.0366420486097923	0.0216820635369583	0.221367839851872	0.0315993838616746	0.88860411500038
cg11551565	0.525682670343613	0.394407136774593	0.260689982747932	0.268455149633216	0.21575958781693	0.212087839648726
cg23173586	0.0729084340579215	0.0508862172482566	0.0795365183883981	0.579365554399337	0.293480896147494	0.241331544775395
cg22277567	0.429192648268543	0.410847758106669	0.426780874744027	0.374837615554162	0.782458160699814	0.608850272146779
cg04136456	0.150376810786053	0.392235989704686	0.0965793319730328	0.0829029195590772	0.0349165081139009	0.0343293336250257
cg03881776	0.885783303856713	0.87066592150488	0.459661717235855	0.899474056722586	0.888921923890973	0.870956715455179
cg04250194	0.338902307015952	0.162072485844239	0.143922013464624	0.0267194917510747	0.0221093725934945	0.0218659507243458
cg25759087	0.941908057869497	0.951552551658833	0.665522812247258	0.959185210438811	0.957240650813886	0.951517155544999
cg11960708	0.947850478840921	0.951304064534682	0.600740962900202	0.95842009503973	0.957466534652844	0.952800716611937
cg02129005	0.0403485559237289	0.0341516951015161	0.0285293225749671	0.0259954908527177	0.571110686688276	0.160807480176126
cg25885803	0.59226717016835	0.384540948118572	0.249757434104773	0.244334944586813	0.0532138349586071	0.059561916958706
cg17999639	0.565857362792264	0.381366047125111	0.281056007150809	0.143268726922042	0.0954457024779705	0.094486266410118
cg10264728	0.0551279652442014	0.0406200258458395	0.317374967732441	0.0563874400570312	0.0251647039294395	0.0247032665621244
cg11585288	0.34178876840863	0.195049000756487	0.0655989111913224	0.0781255762299123	0.0479129187241049	0.0452765054303971
cg25739938	0.954053392800884	0.950222828421489	0.934923055839016	0.949870854779259	0.940296425381075	0.0508658743091536
cg07278181	0.772125770910149	0.857274461125398	0.763495207605643	0.743438015815942	0.94054458768206	0.81479106455532
cg10578938	0.0560504051621222	0.0754563864155099	0.320460807519696	0.164374155452141	0.61284317878571	0.185640003728811
cg03224259	0.898379369809509	0.881166546834302	0.873845834619883	0.0486779510288491	0.890249350826858	0.886465847307219
cg20931973	0.364773159821539	0.219740552293652	0.177049923045833	0.120857295251798	0.046266431432779	0.0462467413204914
cg25990402	0.0919692065259135	0.318021676421193	0.055110214975571	0.0220180020657456	0.107739387434756	0.109239058416954
cg11357008	0.0702240785158149	0.0644275831291494	0.329049215956954	0.0302078143532804	0.0298227383757037	0.0368860219761846
cg04256891	0.227190603575039	0.377701660800347	0.056158434659442	0.0779784608509648	0.0338119089659121	0.0351497347899254
cg09521093	0.166896095430269	0.262786287839551	0.186583509648629	0.921745981073768	0.29441789713548	0.0485381150091301
cg25284031	0.0974136826078894	0.409308592031355	0.0328559428696644	0.030781015318412	0.032467479498688	0.0355496509653688
cg25790164	0.0324413877291755	0.0301874740443891	0.384855428908679	0.196424741927252	0.0561314032348548	0.0527484416520597
cg19081636	0.0439863570541792	0.0484254270368267	0.0400650102797398	0.417187387373869	0.0396719685165509	0.038626239414508
cg16090701	0.0978532193856871	0.0622769847467863	0.154050231798552	0.588012139678313	0.0386843629311189	0.0264503199827824
cg24672624	0.153792177423495	0.387660116839634	0.0557003532753068	0.0267312587098104	0.0417101185657726	0.048333891767074
cg03177171	0.811058061096841	0.689878822344604	0.603743737419977	0.623662524808606	0.574839313602221	0.529929683601006
cg01012879	0.888025512123732	0.88558113750298	0.911247898671971	0.935423189758408	0.932713658277029	0.266214519195371
cg24058979	0.477302915801745	0.563061350442138	0.574223705804271	0.545093302072282	0.645249917386054	0.854479663842518
cg18786123	0.104999496298278	0.0601215105801295	0.488358055442688	0.0596492915073367	0.0243099946654363	0.0242925817663408
cg12034775	0.776724170911848	0.913734804021495	0.949100996164439	0.94408986186947	0.953355739570244	0.944427196452825
cg18133012	0.90531567359411	0.706481116500118	0.946744553137946	0.949532068519478	0.935561464948165	0.911853610447458
cg11612354	0.028106708278965	0.0245919001949326	0.0557122454168249	0.0197968675698538	0.0341745569925269	0.436943888510336
cg07536161	0.656513438320625	0.840542840337471	0.843922819627679	0.855189770267651	0.876909891397927	0.865078506797097
cg17578755	0.984788956021115	0.978889337838342	0.707031716159318	0.985642287999406	0.984144427459342	0.977587494525646
cg05575544	0.267924979119268	0.113080934826568	0.0416163586221238	0.0685784627073239	0.0259834567303021	0.0258823256174972
cg06700877	0.574901544662383	0.719651037554479	0.788119253631883	0.806804066878539	0.772853683507966	0.782130912625994
cg10330847	0.958631022480591	0.948092630347415	0.79514281013948	0.956842069126836	0.954364707636887	0.944410150323846
cg14896463	0.600748242131473	0.464278974666729	0.364843588938365	0.417880487574877	0.253731230919907	0.252655675548659
cg16474930	0.104752962418368	0.244327129981165	0.0347330144615912	0.0319800748128568	0.0320109023038046	0.0301919925541527
cg16254746	0.12655990690342	0.0488658082258871	0.297575021904228	0.0886895787836964	0.0877185936393022	0.0790666427642535
cg12978119	0.928346157766707	0.921251807103369	0.712018653328008	0.937956410610338	0.941040225661774	0.92756289645914
cg21608605	0.0506622133576116	0.175553001352938	0.047972860033876	0.0434913570323798	0.0383611642977167	0.0422663245625822
cg05366453	0.0636883924894608	0.0786713905679137	0.0876441717913698	0.0847893263395184	0.0950232645409389	0.500634831557485
cg26254897	0.0964462866428041	0.0499248075390051	0.290942267983941	0.655605240664349	0.040578544183205	0.0289401772523767
cg14829660	0.75381573602824	0.729241841619774	0.788518005315363	0.770785624505711	0.916282221002679	0.747716200280241
cg09793563	0.0933187582177458	0.261727078514634	0.0706094599000332	0.0345277980700949	0.0328169345663563	0.0424592773903326
cg02020985	0.820965256840258	0.820200456848955	0.565408279052582	0.839923147498137	0.843508446608431	0.838852161918933
cg24398176	0.565207512768238	0.401267779008175	0.325466546464524	0.371165861554062	0.303067196520703	0.301286110519706
cg18249896	0.0452836276584299	0.0438309317398394	0.134583358203705	0.0406838035409735	0.142095819597527	0.457578264593904
cg02192218	0.790317030716924	0.839625118721552	0.347523817659007	0.754767467605592	0.900059451090769	0.886225865201699
cg26849760	0.934599477917853	0.931779601437286	0.933344007800317	0.944403927718287	0.868951882149634	0.0835610295752627
cg24362952	0.0238257769859485	0.040448530439931	0.0257770724394233	0.40675958774119	0.0266569976409843	0.0244994676268745
cg02171859	0.698906365962828	0.830424021881627	0.573226813595596	0.599168253456135	0.555066158720992	0.543392506814694
cg05613635	0.404524102445802	0.404972953184875	0.63949564806987	0.705828605459357	0.900820288532554	0.611899185843016
cg03541835	0.344082897132634	0.222276515320545	0.215205232776223	0.144633170366858	0.0932828575170437	0.0849603048704962
