CA	organ_age	Age_group
65.4	73	[63,66)
38.9	43.4	[36,39)
70.5	73.5	[69,72)
57.6	52	[57,60)
39.6	41.3	[39,42)
64.3	63.4	[63,66)
58	51	[57,60)
47.2	47.1	[45,48)
67.5	64.7	[66,69)
45	47.8	[45,48)
51.9	55.8	[51,54)
66.5	64	[66,69)
68.4	74.4	[66,69)
42.2	45.1	[42,45)
33.1	30.4	[33,36)
31.7	41.9	[30,33)
65.5	72.1	[63,66)
56.3	58.4	[54,57)
48.7	58.3	[48,51)
42.4	47.7	[42,45)
45.9	43.7	[45,48)
20.2	29	[18,21)
35.5	35.9	[33,36)
57.4	48.7	[57,60)
74.1	66	[72,75)
46.8	44.3	[45,48)
57.8	67.5	[57,60)
53.5	55.5	[51,54)
36.3	38.9	[36,39)
43.4	45.1	[42,45)
59.5	58.7	[57,60)
68.2	70.7	[66,69)
47.8	46.4	[45,48)
57.4	51.9	[57,60)
30.1	38.2	[30,33)
44.1	42.7	[42,45)
55.7	53.1	[54,57)
68	67.1	[66,69)
66	71.4	[66,69)
52.2	47	[51,54)
36	32	[36,39)
72.5	71.9	[72,75)
45.4	39.6	[45,48)
66.3	65.5	[66,69)
52.4	46.2	[51,54)
62	66.3	[60,63)
49.8	49.2	[48,51)
44.2	45.4	[42,45)
45.6	37.4	[45,48)
78	72.5	[78,81)
35.9	43.1	[33,36)
36.7	31	[36,39)
50.5	52.1	[48,51)
53.8	61.4	[51,54)
47.9	43.8	[45,48)
37	40.3	[36,39)
58.6	67.2	[57,60)
49.3	53	[48,51)
62.2	76.9	[60,63)
74.1	73.7	[72,75)
33.3	37.7	[33,36)
26.9	28.6	[24,27)
52.9	53.2	[51,54)
44.3	55.9	[42,45)
34.3	33	[33,36)
45.2	44.1	[45,48)
49	52.5	[48,51)
73.7	75.9	[72,75)
45.9	51.3	[45,48)
48.9	51.8	[48,51)
60.1	51.7	[60,63)
58.2	63.7	[57,60)
70.3	66.8	[69,72)
31.2	31.7	[30,33)
51.4	56	[51,54)
36.2	35.1	[36,39)
27.1	27.8	[27,30)
29.2	29.3	[27,30)
37.9	55.6	[36,39)
33.4	34.1	[33,36)
52.7	52.1	[51,54)
56.6	66	[54,57)
57.9	69.1	[57,60)
47.3	35	[45,48)
55.3	57.1	[54,57)
65.9	70.7	[63,66)
50.2	49.7	[48,51)
43.9	51.9	[42,45)
48.8	58.4	[48,51)
50.4	55.2	[48,51)
29.1	34.3	[27,30)
74	72.4	[72,75)
37.9	38.7	[36,39)
57.4	59	[57,60)
63.5	68.3	[63,66)
47.5	53.1	[45,48)
58.5	53.8	[57,60)
66.5	64.8	[66,69)
42.4	38.6	[42,45)
48.4	46.7	[48,51)
38.8	45.9	[36,39)
74.6	71.1	[72,75)
52	45.9	[51,54)
36.5	40.3	[36,39)
43.5	44.1	[42,45)
75.6	75.2	[75,78)
50.5	51	[48,51)
55.9	60.3	[54,57)
43.8	47.3	[42,45)
40.5	37.8	[39,42)
50.5	45.9	[48,51)
64.7	64.5	[63,66)
62.8	67.1	[60,63)
50.3	45.7	[48,51)
46.4	45.8	[45,48)
42.3	35.1	[42,45)
76.8	71.3	[75,78)
29.1	30.4	[27,30)
66.3	63.9	[66,69)
45.3	39	[45,48)
66.1	63.5	[66,69)
30.4	34.8	[30,33)
58.2	51.9	[57,60)
32.8	29.4	[30,33)
28.4	38	[27,30)
45.8	46.7	[45,48)
66.4	65.3	[66,69)
41.6	36.6	[39,42)
50.6	54.9	[48,51)
53.8	49.1	[51,54)
40.5	40.8	[39,42)
39.6	36.7	[39,42)
62.8	70.7	[60,63)
59.2	51.3	[57,60)
47.2	46.1	[45,48)
37.4	40.6	[36,39)
29.5	32.1	[27,30)
25	28.3	[24,27)
73.4	72	[72,75)
67.7	59.2	[66,69)
31.5	27	[30,33)
62.5	68	[60,63)
74.9	73.7	[72,75)
37.2	39.4	[36,39)
49.4	54.1	[48,51)
52.2	50.6	[51,54)
34.3	33.7	[33,36)
40.8	37.1	[39,42)
48	49.1	[48,51)
56.8	53.5	[54,57)
25.6	26.6	[24,27)
77.2	72.6	[75,78)
31.1	41	[30,33)
28.5	28.8	[27,30)
76.7	66.2	[75,78)
72.4	68.9	[72,75)
60.2	49.6	[60,63)
36.1	38.8	[36,39)
52.3	51.6	[51,54)
44.8	46.1	[42,45)
75.2	72.9	[75,78)
68.5	72.9	[66,69)
64.3	70.8	[63,66)
51	47.2	[51,54)
65.8	69.5	[63,66)
72.8	66.8	[72,75)
57.4	72.4	[57,60)
27.7	24.2	[27,30)
36.1	32.5	[36,39)
67.5	59	[66,69)
64.8	67.9	[63,66)
72.7	71.3	[72,75)
58.3	56.3	[57,60)
56.4	63.2	[54,57)
26.6	30.8	[24,27)
44.4	38.3	[42,45)
34.7	43.2	[33,36)
31.6	31.2	[30,33)
62.5	62.7	[60,63)
32.7	35.2	[30,33)
77.4	70	[75,78)
57.9	48.1	[57,60)
37.9	37.4	[36,39)
25.8	33.2	[24,27)
63.9	71.7	[63,66)
61.1	60.6	[60,63)
72.4	66.5	[72,75)
35.2	36.2	[33,36)
52.8	49.4	[51,54)
37.6	43.1	[36,39)
79.2	67.3	[78,81)
62.3	65.3	[60,63)
61.7	71.6	[60,63)
60.6	49.9	[60,63)
67.5	76.8	[66,69)
56.2	68.5	[54,57)
41.7	46.8	[39,42)
62.8	66.5	[60,63)
68.2	71.9	[66,69)
49.9	49.8	[48,51)
48.9	47.5	[48,51)
62.9	69.7	[60,63)
38.2	48.3	[36,39)
53.7	53.5	[51,54)
69.6	69.6	[69,72)
50.2	42.3	[48,51)
75.1	76.5	[75,78)
33.6	40	[33,36)
38.8	37.3	[36,39)
78.5	74.9	[78,81)
41.6	45.2	[39,42)
69.2	73.1	[69,72)
73.6	74.5	[72,75)
54	48.9	[54,57)
52.6	49.7	[51,54)
51.8	40.9	[51,54)
74.3	64.2	[72,75)
40.3	44.8	[39,42)
18.2	29	[18,21)
48.7	46.5	[48,51)
56.2	57	[54,57)
26	32.5	[24,27)
34.8	39.8	[33,36)
56.2	54.6	[54,57)
32.4	25.9	[30,33)
68.4	70.7	[66,69)
44.3	50.5	[42,45)
43.9	52.8	[42,45)
33.4	36.2	[33,36)
54.8	54.8	[54,57)
70.6	67	[69,72)
68.7	70.9	[66,69)
53.2	55.8	[51,54)
50.5	48	[48,51)
67.6	73.3	[66,69)
67.1	63.7	[66,69)
48.6	56	[48,51)
42.3	41.3	[42,45)
38.6	44.9	[36,39)
40.8	49.1	[39,42)
36.1	30.9	[36,39)
62.1	60.3	[60,63)
54.2	51.5	[54,57)
33.7	40.2	[33,36)
41.5	35.2	[39,42)
35.6	26.5	[33,36)
76.1	71.7	[75,78)
58.8	63.6	[57,60)
68.7	76.1	[66,69)
51.5	48	[51,54)
52.7	51.2	[51,54)
77.4	69.6	[75,78)
49.4	50.8	[48,51)
51.6	56.2	[51,54)
61.2	60.5	[60,63)
75.1	74.8	[75,78)
40.1	34.8	[39,42)
68.6	62.3	[66,69)
65.6	62.5	[63,66)
66	64.8	[66,69)
59	46.7	[57,60)
73	74.7	[72,75)
29.7	25.1	[27,30)
45.7	44.2	[45,48)
64.9	64.4	[63,66)
29.3	23	[27,30)
36.3	34.5	[36,39)
71	67.5	[69,72)
74.2	62.7	[72,75)
60.6	66	[60,63)
36.7	37.2	[36,39)
52.6	51.5	[51,54)
67.1	67.5	[66,69)
26.9	37.8	[24,27)
60.2	69.3	[60,63)
51.2	50.6	[51,54)
64	63	[63,66)
20.2	23.8	[18,21)
48.1	45.7	[48,51)
53.5	55.5	[51,54)
73.3	75	[72,75)
40.3	45.1	[39,42)
53.9	58	[51,54)
60.5	61	[60,63)
46.1	47.2	[45,48)
42.4	48.9	[42,45)
43.4	43.5	[42,45)
64.7	62.9	[63,66)
59.1	44.5	[57,60)
35.5	51.4	[33,36)
66.2	76.3	[66,69)
68	66.8	[66,69)
53	49.7	[51,54)
42.6	34.2	[42,45)
35.9	34.1	[33,36)
35.7	38.8	[33,36)
64.5	67.8	[63,66)
74.5	72.4	[72,75)
51.2	51.6	[51,54)
65	75.3	[63,66)
61.8	61.1	[60,63)
68.1	66.7	[66,69)
64.4	66.9	[63,66)
47.6	48.3	[45,48)
76.4	70.7	[75,78)
73.6	68.1	[72,75)
46.8	53	[45,48)
60.7	59.9	[60,63)
45.9	46.6	[45,48)
48.9	50.1	[48,51)
47	43.3	[45,48)
45.2	39.5	[45,48)
65.3	61.6	[63,66)
67.4	76.2	[66,69)
61	55	[60,63)
55.7	51	[54,57)
65.1	76.1	[63,66)
20.5	22.7	[18,21)
66	67.5	[66,69)
58.3	55.7	[57,60)
56.6	57.5	[54,57)
28.8	23.4	[27,30)
61.5	51.6	[60,63)
55	68.9	[54,57)
50.1	50.1	[48,51)
55.2	50.7	[54,57)
22	22.3	[21,24)
37.1	40.8	[36,39)
50.3	31.1	[48,51)
54.9	50.9	[54,57)
69.5	72.4	[69,72)
54.7	55.8	[54,57)
65.9	66.4	[63,66)
44.7	53.9	[42,45)
63.3	48.2	[63,66)
53.2	49.1	[51,54)
45	48.7	[45,48)
51.7	49.2	[51,54)
45.2	44.7	[45,48)
57.4	55	[57,60)
46	44.1	[45,48)
60.4	58.8	[60,63)
32	29.2	[30,33)
47.6	45.1	[45,48)
49	56.5	[48,51)
52.7	66	[51,54)
52.2	49.6	[51,54)
36.6	33	[36,39)
33	36.4	[33,36)
30.2	28.7	[30,33)
46.9	50.5	[45,48)
53.2	52	[51,54)
47.3	57.2	[45,48)
69.2	60.1	[69,72)
49.2	54.6	[48,51)
58.7	49.5	[57,60)
75.7	69.7	[75,78)
46	49.5	[45,48)
56.5	52.6	[54,57)
38.7	49.4	[36,39)
38.9	41.1	[36,39)
58.2	56.1	[57,60)
36.4	33.1	[36,39)
72.7	73.2	[72,75)
63.3	68.6	[63,66)
59.1	66.2	[57,60)
50	49.9	[48,51)
46.9	52.5	[45,48)
53.4	48.9	[51,54)
50.5	67.4	[48,51)
65.2	73.2	[63,66)
46	48.3	[45,48)
48.6	61.9	[48,51)
39.5	41.8	[39,42)
68.4	66.1	[66,69)
71.2	73.5	[69,72)
65	69.4	[63,66)
31.7	27.3	[30,33)
42.8	42.7	[42,45)
69.5	72.4	[69,72)
59.5	63.9	[57,60)
54.3	58.9	[54,57)
37.3	26.3	[36,39)
66	75.5	[66,69)
55	42.8	[54,57)
61.5	53.4	[60,63)
44.7	51	[42,45)
45.7	43.4	[45,48)
59.7	48.7	[57,60)
64	62.5	[63,66)
57.7	67.2	[57,60)
29	27.6	[27,30)
49.6	55.7	[48,51)
43.7	44.5	[42,45)
53.3	55.2	[51,54)
59.1	57.5	[57,60)
59.1	65.2	[57,60)
41.3	41.4	[39,42)
43.8	36.5	[42,45)
57.3	62.9	[57,60)
68.5	74.9	[66,69)
43.9	40.3	[42,45)
70.5	65	[69,72)
63.8	71.2	[63,66)
30.7	31.5	[30,33)
53.5	51.1	[51,54)
45.4	46.9	[45,48)
34.3	35.3	[33,36)
46.1	51.5	[45,48)
43.1	40.2	[42,45)
26.7	20.9	[24,27)
49.5	51.8	[48,51)
41.7	37.8	[39,42)
32.5	39	[30,33)
67.7	66.3	[66,69)
57.7	55.3	[57,60)
57.4	58.4	[57,60)
67.2	62.1	[66,69)
60.2	51	[60,63)
55.2	54.1	[54,57)
65.9	69.6	[63,66)
69.3	71.7	[69,72)
63.8	63.8	[63,66)
55.5	57.4	[54,57)
62.2	59.1	[60,63)
63.6	65.5	[63,66)
37.1	38.7	[36,39)
46.3	49.3	[45,48)
53.7	49.9	[51,54)
56.3	42.9	[54,57)
32.1	28	[30,33)
56.2	54.2	[54,57)
69.3	68.1	[69,72)
60.7	54.1	[60,63)
58.6	48.1	[57,60)
50.4	47.5	[48,51)
56.5	44.5	[54,57)
68.9	72.3	[66,69)
21.5	27.1	[21,24)
40.1	33.8	[39,42)
29.3	36.9	[27,30)
67.1	68	[66,69)
82.3	74.1	[81,84)
32.2	37.7	[30,33)
44.4	44.1	[42,45)
33.4	39.7	[33,36)
59.8	48.7	[57,60)
36.7	34.6	[36,39)
60.5	62.1	[60,63)
60	55.3	[60,63)
61.4	69.8	[60,63)
54.5	58.8	[54,57)
27.9	33.6	[27,30)
26.1	32.8	[24,27)
50.2	46	[48,51)
37.1	35.2	[36,39)
50.4	66.1	[48,51)
55.7	56.5	[54,57)
43.6	46.5	[42,45)
71.9	73.2	[69,72)
37.6	44.8	[36,39)
64.7	63.9	[63,66)
63.4	60.9	[63,66)
28.9	26.2	[27,30)
32.1	33.5	[30,33)
33.9	33.6	[33,36)
74.2	74.7	[72,75)
54.2	50.1	[54,57)
68.2	74.4	[66,69)
72.1	55.7	[72,75)
24.2	27.8	[24,27)
34	35.5	[33,36)
31.8	33.4	[30,33)
62.3	52.5	[60,63)
32.6	41.1	[30,33)
56	53.7	[54,57)
42.1	49.6	[42,45)
53.5	51.6	[51,54)
34.5	37.6	[33,36)
31.5	34.7	[30,33)
50.7	39.3	[48,51)
28.9	25.4	[27,30)
43.8	41.3	[42,45)
38.6	32.6	[36,39)
31.2	35.1	[30,33)
67.3	65.3	[66,69)
28.2	34.7	[27,30)
46.8	53.8	[45,48)
45.4	42.9	[45,48)
57.6	53.4	[57,60)
40	34.3	[39,42)
56.3	48.8	[54,57)
34.3	26.5	[33,36)
65.9	71	[63,66)
61.3	44.7	[60,63)
74.9	74	[72,75)
63.2	61.6	[63,66)
49.3	50.6	[48,51)
51	50.2	[51,54)
36.8	42.4	[36,39)
65	64.5	[63,66)
49.3	43.1	[48,51)
63.9	63	[63,66)
47.9	50.8	[45,48)
60.1	64.8	[60,63)
71.2	68.8	[69,72)
66.5	72.1	[66,69)
42.6	47.2	[42,45)
42.9	52.3	[42,45)
65.8	66.6	[63,66)
59.9	69.6	[57,60)
60.3	60.8	[60,63)
54.1	39.9	[54,57)
75.4	74.3	[75,78)
40.2	40.1	[39,42)
67.7	67.9	[66,69)
66	76.2	[66,69)
65.5	74.1	[63,66)
62.1	65.5	[60,63)
56.2	59.8	[54,57)
71.6	73.4	[69,72)
78	78	[78,81)
59.9	63.1	[57,60)
41.9	49.4	[39,42)
45.2	39.3	[45,48)
51.6	45.3	[51,54)
43	50.5	[42,45)
59.8	50.4	[57,60)
69.8	72.3	[69,72)
63.9	71.5	[63,66)
67.5	66.5	[66,69)
29.2	30.5	[27,30)
49	57.2	[48,51)
60.7	58.1	[60,63)
58.9	62.4	[57,60)
23.1	27.9	[21,24)
73.2	69	[72,75)
45.6	48.7	[45,48)
68.2	65.8	[66,69)
55.1	47.1	[54,57)
68.3	62.5	[66,69)
47.9	47.3	[45,48)
59.5	54.6	[57,60)
55	59.3	[54,57)
41	42.3	[39,42)
66.6	62.3	[66,69)
45.5	45.2	[45,48)
46.8	41.7	[45,48)
65	65	[63,66)
50	48.3	[48,51)
57.9	64.4	[57,60)
58.8	62.4	[57,60)
45.1	47.1	[45,48)
82.1	68.3	[81,84)
63.8	60.5	[63,66)
56	54.1	[54,57)
35.9	29.4	[33,36)
46.9	47.3	[45,48)
36.4	28.2	[36,39)
31.2	37.3	[30,33)
70.6	70.9	[69,72)
63.5	58.1	[63,66)
53.9	42	[51,54)
57.4	51.7	[57,60)
53.5	53	[51,54)
64.5	70.6	[63,66)
45.1	45	[45,48)
77.6	76.1	[75,78)
45.2	57.5	[45,48)
47.6	46.6	[45,48)
56.7	62.5	[54,57)
25.3	41.9	[24,27)
56.8	51.5	[54,57)
53.6	54.3	[51,54)
66.9	68.5	[66,69)
33	35.7	[33,36)
28.5	26.9	[27,30)
32.8	35.2	[30,33)
62.2	63.7	[60,63)
50.4	49.3	[48,51)
73.7	70.7	[72,75)
34	37.6	[33,36)
31.6	35.7	[30,33)
55.9	52.2	[54,57)
66.3	61.6	[66,69)
75.5	76.2	[75,78)
30.9	33	[30,33)
59	57.5	[57,60)
34.4	30.2	[33,36)
51.6	50.6	[51,54)
52.8	53.6	[51,54)
35.9	42	[33,36)
32	35.2	[30,33)
40.5	39	[39,42)
71.7	71.6	[69,72)
46	47.1	[45,48)
64.7	73.1	[63,66)
61.6	67.5	[60,63)
47.3	47.9	[45,48)
72.1	65.9	[72,75)
49	50.1	[48,51)
41.2	35.2	[39,42)
75.7	73.6	[75,78)
39.3	37.4	[39,42)
64.8	69.8	[63,66)
74	52	[72,75)
45.9	45.2	[45,48)
62.7	66.7	[60,63)
62.5	60.8	[60,63)
67.1	67.4	[66,69)
35.5	46.5	[33,36)
69.6	64.6	[69,72)
29.6	37	[27,30)
77	70.9	[75,78)
26.4	33.2	[24,27)
26.9	30.8	[24,27)
44	47.9	[42,45)
67.8	67.5	[66,69)
43.2	50.1	[42,45)
50.4	57.4	[48,51)
24.6	23.5	[24,27)
68.4	70.3	[66,69)
72.9	68	[72,75)
60	74.3	[60,63)
61.4	69.5	[60,63)
40.8	33.5	[39,42)
71	73.4	[69,72)
52.7	58.7	[51,54)
37.3	39.5	[36,39)
54.7	51.5	[54,57)
52.1	63.4	[51,54)
36.9	37.9	[36,39)
46.5	47.9	[45,48)
34.8	34.7	[33,36)
69.2	75	[69,72)
57.8	65.3	[57,60)
56.4	52.1	[54,57)
72.8	70.9	[72,75)
54.5	54	[54,57)
38.7	38.8	[36,39)
47.8	46.3	[45,48)
42.4	39.9	[42,45)
44.4	40.7	[42,45)
74.9	79	[72,75)
39.1	30.2	[39,42)
64.2	64.6	[63,66)
64.7	69.1	[63,66)
72.9	75.5	[72,75)
65.9	73.8	[63,66)
33.8	34	[33,36)
75.3	72.8	[75,78)
65	68.6	[63,66)
77.6	72.4	[75,78)
61.7	58	[60,63)
41.4	37.3	[39,42)
49.7	47.6	[48,51)
70.8	68.5	[69,72)
70	70.3	[69,72)
55.5	57.9	[54,57)
24.9	29.5	[24,27)
64	72.2	[63,66)
45.2	50.7	[45,48)
57.4	55.4	[57,60)
67.8	71.5	[66,69)
42.1	47.3	[42,45)
55	62.9	[54,57)
40.6	55.2	[39,42)
59.8	57.4	[57,60)
55.6	61.7	[54,57)
42	42.9	[42,45)
25.9	29.4	[24,27)
27.4	29	[27,30)
31.4	35.8	[30,33)
61.5	67.5	[60,63)
71.3	75.6	[69,72)
66.9	62.6	[66,69)
38.8	35.1	[36,39)
43.9	45.7	[42,45)
65.4	67.4	[63,66)
50.4	43.2	[48,51)
65.6	63.7	[63,66)
43.5	45.6	[42,45)
46.4	55.4	[45,48)
77.5	68.9	[75,78)
43	49.9	[42,45)
63.6	66.3	[63,66)
78.2	76.1	[78,81)
63.4	63.3	[63,66)
49.7	52.3	[48,51)
51.5	57.1	[51,54)
63.8	66.9	[63,66)
73.3	65.3	[72,75)
67.8	62.7	[66,69)
57.6	52.1	[57,60)
64.4	56.8	[63,66)
49	45.4	[48,51)
31.2	30	[30,33)
72.5	76.3	[72,75)
31.4	31.9	[30,33)
47.3	41	[45,48)
22.5	27.3	[21,24)
52.9	65.6	[51,54)
48.9	49.4	[48,51)
70	69.1	[69,72)
65.3	80.6	[63,66)
66.6	63.3	[66,69)
29.1	34.5	[27,30)
53.3	39.7	[51,54)
45.7	48.2	[45,48)
42.6	43	[42,45)
71	63.7	[69,72)
63.9	54.9	[63,66)
56.2	67.3	[54,57)
47.2	40.8	[45,48)
59.8	68.3	[57,60)
49	40.8	[48,51)
50.2	50.5	[48,51)
29.6	27.8	[27,30)
70.5	68.6	[69,72)
69.5	69.3	[69,72)
62.1	66.9	[60,63)
38.6	43.1	[36,39)
24.3	28.3	[24,27)
53.5	58.7	[51,54)
62.1	60.5	[60,63)
21.5	22.7	[21,24)
61.1	66	[60,63)
65.9	73.8	[63,66)
42.5	37.6	[42,45)
52.5	50.9	[51,54)
57.5	50.4	[57,60)
43.3	37.3	[42,45)
61.4	63.7	[60,63)
31.7	37.3	[30,33)
50.2	50.9	[48,51)
64.9	55.6	[63,66)
20	28.1	[18,21)
57.2	58.6	[57,60)
46.9	51	[45,48)
40.8	36.5	[39,42)
49	42.8	[48,51)
63	74.8	[63,66)
53.8	54.1	[51,54)
59.1	62.5	[57,60)
43.9	48.1	[42,45)
37.6	36.7	[36,39)
60.5	61.4	[60,63)
41.3	42.5	[39,42)
72.9	71.1	[72,75)
55	53.3	[54,57)
35.2	30.8	[33,36)
42.9	43.6	[42,45)
38.4	36.8	[36,39)
65.5	70.3	[63,66)
32.6	43.7	[30,33)
41.5	40.2	[39,42)
36.8	42	[36,39)
59.4	62.6	[57,60)
78	68.6	[78,81)
64.7	60.5	[63,66)
59.5	56	[57,60)
71.4	72	[69,72)
72.1	72.6	[72,75)
65.4	64.7	[63,66)
41.8	35.2	[39,42)
41	35.6	[39,42)
75.5	67.7	[75,78)
75.3	74.3	[75,78)
41.2	36.8	[39,42)
50.6	56.2	[48,51)
49.1	49.2	[48,51)
36.3	31.4	[36,39)
80.4	75.5	[78,81)
46.7	49	[45,48)
77.6	70.7	[75,78)
44.1	47.7	[42,45)
60	65.7	[60,63)
43	45.4	[42,45)
24.5	25.2	[24,27)
50.1	46.5	[48,51)
70	68.6	[69,72)
24.2	24.9	[24,27)
40.9	38.6	[39,42)
35.3	29.4	[33,36)
61.7	66.1	[60,63)
55.4	58.5	[54,57)
47.1	45.7	[45,48)
70.6	68	[69,72)
79.6	70.7	[78,81)
59.9	55.1	[57,60)
36.1	31.7	[36,39)
61.4	70.7	[60,63)
67.7	70.5	[66,69)
35.7	36.6	[33,36)
30.2	31.8	[30,33)
57.8	60.9	[57,60)
27.8	25.6	[27,30)
47.1	50.8	[45,48)
43.5	41.3	[42,45)
66.9	70.1	[66,69)
52.9	50.6	[51,54)
47.6	47.8	[45,48)
34.8	35.3	[33,36)
32.1	37.3	[30,33)
55.9	51.3	[54,57)
32.5	34.4	[30,33)
47.6	45.4	[45,48)
53.7	53.2	[51,54)
49.4	50.5	[48,51)
35.8	40.8	[33,36)
64.7	73.1	[63,66)
70.5	64.9	[69,72)
67.7	69.1	[66,69)
29	35.4	[27,30)
58	59.6	[57,60)
55.7	51.8	[54,57)
50.7	54.9	[48,51)
46.4	47	[45,48)
54.2	48.9	[54,57)
34.3	36.4	[33,36)
79.8	76.2	[78,81)
63	59.8	[63,66)
57.3	59.6	[57,60)
25.8	31.4	[24,27)
57.9	56.4	[57,60)
22.7	25.4	[21,24)
39.9	54.6	[39,42)
61.5	64.2	[60,63)
46.3	40.8	[45,48)
69.5	67.2	[69,72)
66.7	62.9	[66,69)
70.2	74.8	[69,72)
54.3	56.4	[54,57)
68.9	71	[66,69)
60.1	59.9	[60,63)
56.7	55.7	[54,57)
58.3	67.4	[57,60)
41.7	44.9	[39,42)
57.2	54.9	[57,60)
57.2	57.7	[57,60)
24.4	24.8	[24,27)
52.9	51.6	[51,54)
63	58.4	[63,66)
60.9	60.6	[60,63)
45.3	47.4	[45,48)
45.8	41.1	[45,48)
69.3	74.5	[69,72)
48.4	49.2	[48,51)
35.9	28.5	[33,36)
59.4	66	[57,60)
44.8	51.1	[42,45)
76.7	70.7	[75,78)
44.9	47.1	[42,45)
44.5	50.6	[42,45)
64.6	66.6	[63,66)
47.1	57.6	[45,48)
40.6	40.7	[39,42)
46.9	48.3	[45,48)
41.7	49	[39,42)
61.3	58.3	[60,63)
70.4	69.8	[69,72)
30.5	25.4	[30,33)
37.9	36.4	[36,39)
70.1	70	[69,72)
69.1	71.9	[69,72)
54.7	61.7	[54,57)
54.9	55.1	[54,57)
18.2	22.4	[18,21)
67	65.5	[66,69)
49.6	60.7	[48,51)
36.6	40.3	[36,39)
58.4	48.6	[57,60)
68.1	68.5	[66,69)
31.3	33.2	[30,33)
77.5	75.8	[75,78)
44.7	38.8	[42,45)
46	43.8	[45,48)
52.6	64.2	[51,54)
48.3	43.7	[48,51)
54.7	52.8	[54,57)
72.5	74.9	[72,75)
67.2	72.4	[66,69)
52.5	52.5	[51,54)
56.3	53	[54,57)
45.1	47.2	[45,48)
50.5	51.4	[48,51)
72.5	69.6	[72,75)
55.9	53.5	[54,57)
62.2	69.5	[60,63)
77.1	70.3	[75,78)
74.7	71.2	[72,75)
42.9	37.1	[42,45)
36.5	38.5	[36,39)
52.4	56.2	[51,54)
53	52.7	[51,54)
28.3	35	[27,30)
61.4	59.1	[60,63)
63.7	47.9	[63,66)
69.8	74.7	[69,72)
58.4	49	[57,60)
69.3	68.6	[69,72)
42.5	53.5	[42,45)
34.8	36.5	[33,36)
47.2	43.2	[45,48)
48.9	52.7	[48,51)
46.8	48.2	[45,48)
34.4	30	[33,36)
45.3	48.8	[45,48)
45.5	51.8	[45,48)
70.5	65.3	[69,72)
55.4	47.4	[54,57)
37.6	44.9	[36,39)
39.1	40.8	[39,42)
53.5	51.7	[51,54)
52.8	43.6	[51,54)
71.8	70.7	[69,72)
44.2	49.4	[42,45)
27.3	28.9	[27,30)
44.8	50.4	[42,45)
65	72.8	[63,66)
49	51.8	[48,51)
24.4	24.5	[24,27)
61.9	57.5	[60,63)
47.8	41.8	[45,48)
47	41.7	[45,48)
64.3	53.4	[63,66)
37.2	34.3	[36,39)
70.7	70.2	[69,72)
61.2	59.4	[60,63)
49.7	52.5	[48,51)
36.3	30.2	[36,39)
57.6	57.9	[57,60)
60.2	62.9	[60,63)
44.9	44.2	[42,45)
67.8	72.2	[66,69)
67.6	73.8	[66,69)
49.5	44.4	[48,51)
38.1	34.3	[36,39)
43.4	47.1	[42,45)
69.2	67.8	[69,72)
54.3	55.9	[54,57)
51.9	53.1	[51,54)
72.5	66.1	[72,75)
34.4	26.7	[33,36)
71.6	68.6	[69,72)
60	67.8	[60,63)
39.6	33.9	[39,42)
56.1	58.7	[54,57)
42.5	27.5	[42,45)
56.6	51.6	[54,57)
60.8	59.1	[60,63)
55.2	49.4	[54,57)
52.9	50.9	[51,54)
38.6	41.4	[36,39)
53.2	55.6	[51,54)
47.9	46.8	[45,48)
54.8	57.7	[54,57)
19.6	26.2	[18,21)
67.9	76.9	[66,69)
46.7	50	[45,48)
67.4	64.5	[66,69)
76.8	74.4	[75,78)
51.1	48.1	[51,54)
57.6	65.9	[57,60)
34.6	31.3	[33,36)
39.3	45.2	[39,42)
43.4	42.5	[42,45)
73.2	70.1	[72,75)
50.1	51.7	[48,51)
31.4	46.9	[30,33)
55.1	57.1	[54,57)
48.3	43.2	[48,51)
34.8	33.2	[33,36)
61.9	51.3	[60,63)
50.9	52.3	[48,51)
46.6	52.5	[45,48)
32.9	34.7	[30,33)
51.8	48.7	[51,54)
53.7	57.8	[51,54)
74.1	62.9	[72,75)
32.7	37	[30,33)
60	49.9	[60,63)
50.7	53.7	[48,51)
31.3	35.1	[30,33)
50.7	42.1	[48,51)
41.9	47.8	[39,42)
55.2	51.6	[54,57)
62.6	70.3	[60,63)
47.1	39.2	[45,48)
45.6	49	[45,48)
53	63.5	[51,54)
60.7	53.7	[60,63)
45.6	40	[45,48)
47.5	52.6	[45,48)
33.5	36.2	[33,36)
43	40.7	[42,45)
40.7	43.1	[39,42)
70	75	[69,72)
22.7	29.4	[21,24)
65.3	57.8	[63,66)
31.9	35	[30,33)
46.7	49.9	[45,48)
41.5	49.8	[39,42)
32.7	38.3	[30,33)
46.9	45.9	[45,48)
64.4	66.6	[63,66)
72.6	68.6	[72,75)
66.3	68.1	[66,69)
56.9	52	[54,57)
50.2	58.4	[48,51)
71.3	66.8	[69,72)
48.4	47.2	[48,51)
46.7	46	[45,48)
68.2	64.3	[66,69)
49.4	48.4	[48,51)
46.7	52.9	[45,48)
72.9	71.6	[72,75)
31.8	30.5	[30,33)
46.7	47.1	[45,48)
53.7	53.3	[51,54)
56.4	52.8	[54,57)
38.2	40.3	[36,39)
48.4	50.3	[48,51)
75.6	72.8	[75,78)
43.4	42.6	[42,45)
36.3	64.4	[36,39)
61.1	68.8	[60,63)
49.6	48.1	[48,51)
28	27.6	[27,30)
43.4	38.7	[42,45)
70.9	74.6	[69,72)
68.8	74.7	[66,69)
21	21.8	[21,24)
58.3	61.3	[57,60)
40.8	39.3	[39,42)
74.8	72.3	[72,75)
49.2	64.9	[48,51)
64.9	70.6	[63,66)
33.1	42.9	[33,36)
64.1	68.8	[63,66)
51.8	49.9	[51,54)
28.2	31	[27,30)
26.5	25.5	[24,27)
68.8	70.4	[66,69)
57.2	47.1	[57,60)
41.3	45.5	[39,42)
68.8	70.7	[66,69)
49.5	48.6	[48,51)
58.4	67.6	[57,60)
29	24.3	[27,30)
61.1	67.3	[60,63)
63.1	70.7	[63,66)
34.4	34.8	[33,36)
39.3	39.1	[39,42)
64.4	68.5	[63,66)
65.7	71.3	[63,66)
61.4	69.5	[60,63)
63.2	69.8	[63,66)
51.2	48.5	[51,54)
46.3	45.1	[45,48)
36.3	30.7	[36,39)
37.8	33.5	[36,39)
53.6	51	[51,54)
43.2	31	[42,45)
34.6	28.7	[33,36)
69.6	71.4	[69,72)
47.7	59.4	[45,48)
49.6	48	[48,51)
23.2	26.7	[21,24)
33.5	37	[33,36)
39.1	49.6	[39,42)
20.6	17.7	[18,21)
33.4	31.8	[33,36)
36.1	40.8	[36,39)
27.7	24.7	[27,30)
31.6	30.6	[30,33)
56.2	57.8	[54,57)
61.8	64.6	[60,63)
47.1	49.8	[45,48)
34.9	39.1	[33,36)
50.9	50.6	[48,51)
55.2	53.7	[54,57)
49.6	50.6	[48,51)
37.9	39.7	[36,39)
42.8	45.6	[42,45)
68.9	68.1	[66,69)
56	48.5	[54,57)
29.9	33.8	[27,30)
51.5	52.5	[51,54)
55.2	48.8	[54,57)
67.3	63.7	[66,69)
39.9	40.9	[39,42)
39.1	44.5	[39,42)
32.8	37.9	[30,33)
42	41.3	[42,45)
73.4	71.3	[72,75)
55.3	57.3	[54,57)
39.4	40.4	[39,42)
44.4	42.8	[42,45)
39.1	43.4	[39,42)
55.2	55.9	[54,57)
31.5	33.9	[30,33)
33.6	33.6	[33,36)
53.7	56.4	[51,54)
26.4	37.8	[24,27)
22.2	22.8	[21,24)
80.4	78.2	[78,81)
53.5	57.8	[51,54)
32.6	40.6	[30,33)
32	30.5	[30,33)
55.2	56.2	[54,57)
40	46.6	[39,42)
34.8	32.9	[33,36)
34.7	29.7	[33,36)
40	34.6	[39,42)
38.5	33.3	[36,39)
19.3	25	[18,21)
37.9	41	[36,39)
40.6	32.2	[39,42)
46.6	46.3	[45,48)
69.7	70.6	[69,72)
46.9	47.2	[45,48)
52.6	53.8	[51,54)
40.3	35.4	[39,42)
71.8	71.3	[69,72)
28.3	27.4	[27,30)
35.9	43.8	[33,36)
69.8	67.5	[69,72)
35.8	36.2	[33,36)
62.7	66.9	[60,63)
30.5	34.3	[30,33)
68.2	67.1	[66,69)
43.2	49.2	[42,45)
58.7	62.3	[57,60)
75	74.9	[75,78)
47.5	54.7	[45,48)
40.1	44.1	[39,42)
63.8	64.9	[63,66)
34.6	23.3	[33,36)
41.5	40.3	[39,42)
57.7	52.1	[57,60)
38.2	35.3	[36,39)
62.2	60.4	[60,63)
50.3	44.5	[48,51)
33.8	33.2	[33,36)
47.1	45.7	[45,48)
51.1	53.6	[51,54)
52.2	48.5	[51,54)
61.8	68.3	[60,63)
64.4	66.3	[63,66)
45	42.3	[45,48)
62.4	52.1	[60,63)
49	59.4	[48,51)
48.6	54.9	[48,51)
68.6	67	[66,69)
56	52.8	[54,57)
49.1	49.2	[48,51)
40.1	38.5	[39,42)
35.7	27.2	[33,36)
45.4	45.7	[45,48)
60.6	68.7	[60,63)
61	60.6	[60,63)
69.1	74	[69,72)
58.9	65.3	[57,60)
32.9	32.1	[30,33)
59.3	48.5	[57,60)
41.4	40.1	[39,42)
50.5	51.8	[48,51)
30.9	30.5	[30,33)
32.5	38.8	[30,33)
70	66.8	[69,72)
37.5	42	[36,39)
78.8	74.1	[78,81)
66.8	67.3	[66,69)
39.4	36.5	[39,42)
51.2	56.4	[51,54)
64.9	66.7	[63,66)
67	71.9	[66,69)
66.4	67.5	[66,69)
55.3	54.2	[54,57)
57.7	56.5	[57,60)
74.1	69.6	[72,75)
52.7	49.5	[51,54)
52.6	49.5	[51,54)
50.3	53.4	[48,51)
43.2	52.4	[42,45)
30.7	29.3	[30,33)
34.3	35.4	[33,36)
51	39.3	[51,54)
46.1	62.7	[45,48)
67.4	73.8	[66,69)
66	51.4	[66,69)
53.9	57.1	[51,54)
72.8	69.4	[72,75)
59	64.1	[57,60)
66.5	74.6	[66,69)
66.1	73.8	[66,69)
46.9	52.6	[45,48)
44.7	41.4	[42,45)
64.4	71.6	[63,66)
35.1	34.7	[33,36)
65.5	64	[63,66)
29.6	35.7	[27,30)
61.1	53.6	[60,63)
42.2	39.5	[42,45)
30.7	33.5	[30,33)
39.1	48.6	[39,42)
68.3	67.6	[66,69)
30.9	28.4	[30,33)
60.4	54.3	[60,63)
69.1	68.3	[69,72)
71.4	68.5	[69,72)
43.4	46.7	[42,45)
38.9	42.2	[36,39)
34.4	33.3	[33,36)
25.6	22.1	[24,27)
61.6	64.5	[60,63)
57.9	53.9	[57,60)
60	54.8	[60,63)
68.9	69.4	[66,69)
51.4	42.7	[51,54)
29.8	28.6	[27,30)
81.5	75.1	[81,84)
51.5	48.3	[51,54)
71.5	65.7	[69,72)
67.6	71.9	[66,69)
52.6	50.3	[51,54)
52.5	49.9	[51,54)
23.6	30.6	[21,24)
66.7	67.8	[66,69)
70	68.8	[69,72)
54.8	53.8	[54,57)
61.5	60	[60,63)
61	53.4	[60,63)
44.8	40.8	[42,45)
36.5	40.2	[36,39)
50.6	50.2	[48,51)
40.4	40.3	[39,42)
25	20.5	[24,27)
69.9	71.6	[69,72)
62.8	61.6	[60,63)
73.2	76	[72,75)
55.3	45.3	[54,57)
55.2	45.6	[54,57)
45.2	42.1	[45,48)
21.3	21	[21,24)
61.8	66.8	[60,63)
47.6	46.4	[45,48)
37.8	30.3	[36,39)
60.3	59.1	[60,63)
27.4	30.9	[27,30)
41.2	44.1	[39,42)
59.7	53.8	[57,60)
70.4	70	[69,72)
68.1	67.4	[66,69)
46.6	42.8	[45,48)
42.3	47.7	[42,45)
57.5	51	[57,60)
62.6	47.3	[60,63)
72.2	78.1	[72,75)
59.8	55	[57,60)
52	58.8	[51,54)
44.3	47.8	[42,45)
72	63.3	[72,75)
36	36.8	[36,39)
43.5	46.9	[42,45)
58.6	64.4	[57,60)
56.7	52.1	[54,57)
53.5	57.3	[51,54)
71.9	67.6	[69,72)
40.9	53.3	[39,42)
52.4	56.1	[51,54)
52.9	55.4	[51,54)
50.4	54	[48,51)
69.1	71.6	[69,72)
54.3	54.3	[54,57)
59.1	69.2	[57,60)
45.8	43.2	[45,48)
40.4	37.6	[39,42)
77.4	78.4	[75,78)
56.2	56.9	[54,57)
50.6	49.1	[48,51)
50.7	53.7	[48,51)
65.3	72.1	[63,66)
77.4	75.3	[75,78)
70.5	71.4	[69,72)
61	69.2	[60,63)
35.3	35.4	[33,36)
64.1	69.1	[63,66)
66.5	67.2	[66,69)
51.1	51.1	[51,54)
42.5	45.7	[42,45)
57.9	53.6	[57,60)
61.4	56.3	[60,63)
37.8	43.4	[36,39)
56.2	53.3	[54,57)
63.7	70.7	[63,66)
70.7	73.9	[69,72)
66.7	67.4	[66,69)
52.3	53.3	[51,54)
56.7	44.4	[54,57)
27.4	27.2	[27,30)
64.8	68.7	[63,66)
53	47.1	[51,54)
66.6	59.8	[66,69)
31.9	37.8	[30,33)
29	25.9	[27,30)
53.5	34.3	[51,54)
70.6	73	[69,72)
57.8	51.5	[57,60)
47	48.7	[45,48)
47.4	52.4	[45,48)
66	76.4	[66,69)
43.7	48.1	[42,45)
49.8	47.1	[48,51)
51.8	55.9	[51,54)
49.9	47.9	[48,51)
60.7	57.8	[60,63)
62.4	56.9	[60,63)
51	59.3	[51,54)
52.2	51.1	[51,54)
53.8	47.6	[51,54)
31.9	29.3	[30,33)
74	74.7	[72,75)
31	34.5	[30,33)
38.6	29.8	[36,39)
42.3	43.4	[42,45)
69	72.5	[69,72)
51.8	48.8	[51,54)
50.6	51.8	[48,51)
49.8	53.5	[48,51)
47.2	39.3	[45,48)
52.1	44.6	[51,54)
51.7	51.7	[51,54)
48.8	45.8	[48,51)
60.6	63.6	[60,63)
42	45.3	[42,45)
44.8	50.4	[42,45)
45.3	43.9	[45,48)
46.1	46.6	[45,48)
59.5	54.5	[57,60)
43.5	42.1	[42,45)
38.2	32.6	[36,39)
24.8	21.1	[24,27)
74.9	74.9	[72,75)
48.4	52.1	[48,51)
34	46.2	[33,36)
58.3	61.1	[57,60)
54.6	55	[54,57)
74.5	73.4	[72,75)
35.1	39.1	[33,36)
36.7	36.5	[36,39)
39.6	31.6	[39,42)
37	34.2	[36,39)
66.7	66.8	[66,69)
43.5	41	[42,45)
47.2	42.4	[45,48)
44.1	41.1	[42,45)
32.7	32.3	[30,33)
63.1	71.2	[63,66)
39.2	39.6	[39,42)
52.4	51.6	[51,54)
46.5	43.9	[45,48)
59.8	65.6	[57,60)
65.9	70.1	[63,66)
43.3	46.8	[42,45)
53.8	53.1	[51,54)
29	31.8	[27,30)
51.8	55.1	[51,54)
20.3	38.7	[18,21)
50.1	48.9	[48,51)
60.6	59.1	[60,63)
57.7	58.9	[57,60)
32.8	33.5	[30,33)
56.2	54.1	[54,57)
55.7	49.5	[54,57)
64.1	61.5	[63,66)
55.7	65.6	[54,57)
72.4	70.5	[72,75)
42.6	36.7	[42,45)
49.3	45.2	[48,51)
73.6	75.4	[72,75)
71.7	76.2	[69,72)
31.9	26.7	[30,33)
32.8	26.8	[30,33)
36.7	36.1	[36,39)
50.8	52.6	[48,51)
43	40.4	[42,45)
53.2	58.2	[51,54)
30.5	29.3	[30,33)
48.7	48.4	[48,51)
62.6	62.2	[60,63)
32.8	30	[30,33)
51.1	51.4	[51,54)
54.6	56.2	[54,57)
49.7	56.3	[48,51)
50.8	41	[48,51)
49.3	43.6	[48,51)
37.3	35.2	[36,39)
72.9	68.4	[72,75)
74.5	67.7	[72,75)
31.4	25.1	[30,33)
47.4	43.9	[45,48)
66	72.1	[66,69)
60.6	55.6	[60,63)
63.4	54.5	[63,66)
58.1	61	[57,60)
70	61.1	[69,72)
65.6	64.6	[63,66)
37.7	39.1	[36,39)
50.9	38.8	[48,51)
74.1	64.3	[72,75)
60.6	64.6	[60,63)
76.7	69.7	[75,78)
68.4	75	[66,69)
33.5	29.4	[33,36)
51.7	52.3	[51,54)
54.9	46.1	[54,57)
60	62.9	[60,63)
29.5	29	[27,30)
74.5	69.8	[72,75)
46.3	49.3	[45,48)
57.7	63.6	[57,60)
50.2	52.3	[48,51)
71.3	63.2	[69,72)
41.8	46	[39,42)
40.4	46.1	[39,42)
57.1	51.4	[57,60)
65.8	71.2	[63,66)
29.1	30.5	[27,30)
45.5	66.2	[45,48)
32.5	35.9	[30,33)
62.8	67.3	[60,63)
77.1	71.2	[75,78)
42.3	45.9	[42,45)
68.5	68.8	[66,69)
62.7	61.9	[60,63)
51.2	45.9	[51,54)
42.1	41.3	[42,45)
69	71.5	[69,72)
51.7	47.1	[51,54)
49.9	60.4	[48,51)
48.5	50.1	[48,51)
66.2	62	[66,69)
44.2	37.8	[42,45)
32.5	34.1	[30,33)
69.2	72.3	[69,72)
43.7	38.7	[42,45)
65.1	66.8	[63,66)
56.8	49.6	[54,57)
74.2	71.9	[72,75)
65.2	66.1	[63,66)
48.3	55.6	[48,51)
37.7	53.6	[36,39)
33.9	36	[33,36)
57.5	58.7	[57,60)
69	73.9	[69,72)
77.5	78.1	[75,78)
54.3	62	[54,57)
64.4	65.6	[63,66)
38.1	35.2	[36,39)
56.9	64.4	[54,57)
72.2	73.6	[72,75)
49.6	41.5	[48,51)
60.4	57.2	[60,63)
70.6	72.6	[69,72)
55.3	69.9	[54,57)
30	23.5	[30,33)
48.9	48	[48,51)
56.6	58.2	[54,57)
72	69.7	[72,75)
54.6	54.1	[54,57)
67	58.3	[66,69)
36.7	35.9	[36,39)
28.2	30.7	[27,30)
70.4	70.4	[69,72)
80.2	73.9	[78,81)
47.7	41.3	[45,48)
24.2	26.9	[24,27)
45.4	43.2	[45,48)
55.3	53.1	[54,57)
33.4	34.6	[33,36)
52.7	51.9	[51,54)
40.2	36.4	[39,42)
47.2	49.9	[45,48)
36.5	34.9	[36,39)
46.8	41.7	[45,48)
76.6	71.2	[75,78)
67.7	70	[66,69)
22.3	23.3	[21,24)
33.7	28.2	[33,36)
44	49	[42,45)
51.4	57.2	[51,54)
60.9	68.8	[60,63)
30.1	29	[30,33)
76.2	69.5	[75,78)
58.4	32.3	[57,60)
52.3	68.7	[51,54)
69.8	74.3	[69,72)
22	32.9	[21,24)
33	34.3	[33,36)
65.8	71.6	[63,66)
50.3	49.9	[48,51)
53.6	57.2	[51,54)
68.7	70.1	[66,69)
45.6	48.2	[45,48)
29.8	32.9	[27,30)
64.8	67.1	[63,66)
34.6	32.1	[33,36)
54	50.6	[54,57)
68.9	70.3	[66,69)
72.7	75.4	[72,75)
36.8	32.8	[36,39)
37	37.8	[36,39)
62.6	65.5	[60,63)
54.5	54.1	[54,57)
48.9	52.5	[48,51)
68.5	66.3	[66,69)
40.7	38.9	[39,42)
51.4	57.5	[51,54)
42.4	35.6	[42,45)
67.2	64.1	[66,69)
48.8	57.1	[48,51)
40.3	45	[39,42)
78.4	82.1	[78,81)
72.6	66.1	[72,75)
65.3	64.7	[63,66)
31.9	33.5	[30,33)
72.8	70.8	[72,75)
48.4	54.7	[48,51)
46.4	34.8	[45,48)
46.9	45.9	[45,48)
71.4	74.4	[69,72)
42.1	49.4	[42,45)
72.5	67.6	[72,75)
70.6	68.5	[69,72)
62	63.7	[60,63)
42	41.5	[42,45)
59.6	63.1	[57,60)
43.3	42.5	[42,45)
73.6	69.1	[72,75)
55.3	53.5	[54,57)
46	45.1	[45,48)
44.9	42.3	[42,45)
68.4	71.1	[66,69)
72.6	73.3	[72,75)
29.9	35.8	[27,30)
74.2	67.8	[72,75)
46.6	40.1	[45,48)
68.6	69	[66,69)
34.6	31.8	[33,36)
80.6	69.6	[78,81)
42.6	49.6	[42,45)
25.7	29.9	[24,27)
59.4	60.8	[57,60)
52.7	45	[51,54)
31.6	37.3	[30,33)
27.2	32.3	[27,30)
62.7	57.9	[60,63)
38	42.1	[36,39)
43.3	40.1	[42,45)
49.7	53.2	[48,51)
48.3	49.5	[48,51)
46.2	43.8	[45,48)
73.3	67.1	[72,75)
49.6	51.3	[48,51)
36.2	30.7	[36,39)
70	64.3	[69,72)
64.8	58.7	[63,66)
54.9	53	[54,57)
39.2	39.4	[39,42)
50.1	54.9	[48,51)
49.3	43.6	[48,51)
54.3	52.8	[54,57)
66	71.1	[66,69)
57.2	63.6	[57,60)
74.9	73.3	[72,75)
58.2	57.1	[57,60)
56	50.8	[54,57)
39.3	36.2	[39,42)
51.5	51.2	[51,54)
65.2	71	[63,66)
63.1	63.7	[63,66)
25.2	37.3	[24,27)
36.2	33	[36,39)
66.6	72.6	[66,69)
66.3	74.9	[66,69)
23.8	31.8	[21,24)
75.6	70.5	[75,78)
30.1	33.8	[30,33)
33	40.9	[33,36)
61.2	60	[60,63)
64.3	65.5	[63,66)
36.8	35.2	[36,39)
35.5	27.8	[33,36)
65.3	50.7	[63,66)
72.3	74.2	[72,75)
41.4	46.7	[39,42)
30.3	35.4	[30,33)
36.7	33.3	[36,39)
45.9	44.8	[45,48)
41	50.6	[39,42)
59.8	65.1	[57,60)
58.1	62.1	[57,60)
50.9	40.8	[48,51)
33.1	28.4	[33,36)
57.8	54.5	[57,60)
51.8	48.9	[51,54)
37.6	38.8	[36,39)
40.6	44.8	[39,42)
41.9	41.9	[39,42)
55.1	54	[54,57)
53	53.8	[51,54)
37.7	35.3	[36,39)
66.7	66.9	[66,69)
79.5	69.3	[78,81)
65.9	75.9	[63,66)
44.1	37.8	[42,45)
70.2	74	[69,72)
31.5	32.2	[30,33)
38.2	37	[36,39)
65	60.2	[63,66)
57.6	55.9	[57,60)
24.9	18.7	[24,27)
71.9	70.7	[69,72)
32.7	34.9	[30,33)
64.6	55.4	[63,66)
60.9	60.4	[60,63)
45.8	46.9	[45,48)
30	28.3	[30,33)
35	37.6	[33,36)
73.2	76.5	[72,75)
35.4	40.8	[33,36)
33.8	28.5	[33,36)
52.2	49.6	[51,54)
55	55.4	[54,57)
49.6	53.1	[48,51)
63.5	68.2	[63,66)
50.6	56.1	[48,51)
46	43.9	[45,48)
55.4	61	[54,57)
72.3	69	[72,75)
31.2	26.3	[30,33)
67	67.2	[66,69)
71.3	72	[69,72)
62.6	69.4	[60,63)
32	15.9	[30,33)
67.7	63	[66,69)
29.3	29.3	[27,30)
57.8	55.3	[57,60)
22.9	29.4	[21,24)
40.9	40.4	[39,42)
76.5	71.4	[75,78)
46	52.8	[45,48)
54.8	43.6	[54,57)
66.4	65.4	[66,69)
62.5	63.1	[60,63)
55.4	54.7	[54,57)
55.9	62.6	[54,57)
72.3	75.2	[72,75)
49.1	51.1	[48,51)
24.5	27.4	[24,27)
61.4	66.7	[60,63)
76.4	70.8	[75,78)
43.6	38.4	[42,45)
69.2	73.4	[69,72)
69	72	[69,72)
47.8	37.8	[45,48)
63.1	69.6	[63,66)
42.3	38.4	[42,45)
41.3	25.9	[39,42)
68.2	72.1	[66,69)
61.3	64.6	[60,63)
48.1	55.4	[48,51)
28.3	26.3	[27,30)
44.1	43.9	[42,45)
41.5	43.6	[39,42)
45.6	48	[45,48)
32.7	26.8	[30,33)
45.6	51.5	[45,48)
27.8	32	[27,30)
29.6	26.8	[27,30)
62.6	70.8	[60,63)
55.6	49.3	[54,57)
62.8	60.6	[60,63)
35.6	35.7	[33,36)
60.4	56.4	[60,63)
55	48.1	[54,57)
31.9	27.7	[30,33)
53.1	49.8	[51,54)
68.1	75.1	[66,69)
49.8	39	[48,51)
29.3	29.7	[27,30)
34.5	41.3	[33,36)
82.7	74.3	[81,84)
39.8	39.4	[39,42)
61.5	59.7	[60,63)
57.7	66.2	[57,60)
60.8	50.8	[60,63)
44.1	49.3	[42,45)
65.6	63.3	[63,66)
59.6	61.8	[57,60)
45.4	40.4	[45,48)
74.9	73.6	[72,75)
51.7	54	[51,54)
35.3	36	[33,36)
65	70.6	[63,66)
80.2	65.5	[78,81)
66.9	74.4	[66,69)
59.6	54.5	[57,60)
31	31.3	[30,33)
61.7	54.6	[60,63)
63.2	60.4	[63,66)
49.9	39.5	[48,51)
72	66.4	[72,75)
76.1	68.9	[75,78)
27.8	26.5	[27,30)
59.4	66.9	[57,60)
39.1	32.4	[39,42)
46.1	44.7	[45,48)
44.9	42	[42,45)
68.9	74.9	[66,69)
73.7	72.9	[72,75)
47	48.8	[45,48)
31.2	32.6	[30,33)
52.7	58.4	[51,54)
68.1	71.6	[66,69)
59.9	54.4	[57,60)
21.9	29.4	[21,24)
51.7	53.6	[51,54)
52.7	45.7	[51,54)
66	72.5	[66,69)
39	46.6	[39,42)
58.8	58.1	[57,60)
47.3	45	[45,48)
70.7	69.1	[69,72)
47.9	47.7	[45,48)
27.6	30	[27,30)
43.4	39.3	[42,45)
57.3	61.6	[57,60)
50.9	52.5	[48,51)
73.5	72.4	[72,75)
66.6	71.4	[66,69)
47.1	37.9	[45,48)
37.9	41.1	[36,39)
54.4	63.9	[54,57)
57.2	58.4	[57,60)
29.2	29.9	[27,30)
48.7	45.6	[48,51)
45.2	39.6	[45,48)
56.7	51.8	[54,57)
43.2	40.5	[42,45)
48.5	50.4	[48,51)
33	37.9	[33,36)
53.3	47.8	[51,54)
70.6	68.8	[69,72)
70.7	74	[69,72)
70.6	59.9	[69,72)
43.5	42.8	[42,45)
30.9	31.1	[30,33)
48.7	54.1	[48,51)
67.8	59.6	[66,69)
62.7	62.3	[60,63)
46.6	57.1	[45,48)
37.6	34.2	[36,39)
19.8	22.5	[18,21)
59.6	63.8	[57,60)
36.2	29.9	[36,39)
43.4	36.5	[42,45)
67.4	63.9	[66,69)
68.6	69.7	[66,69)
49.2	52.5	[48,51)
28.8	30.6	[27,30)
74.3	73.3	[72,75)
57.7	53.7	[57,60)
71.4	72.1	[69,72)
76.3	74.8	[75,78)
71.3	73	[69,72)
33.1	43.3	[33,36)
43	44	[42,45)
64.5	74.3	[63,66)
77.6	70.7	[75,78)
57.6	64.2	[57,60)
32	38.8	[30,33)
66.9	67.5	[66,69)
50.9	52.5	[48,51)
55.5	52.1	[54,57)
38.6	39.5	[36,39)
54.7	64.5	[54,57)
25.9	23.4	[24,27)
74	67.6	[72,75)
61.3	66.2	[60,63)
34.2	36.4	[33,36)
49.9	57.9	[48,51)
42.6	52.1	[42,45)
32.7	32.8	[30,33)
39.7	40	[39,42)
52.6	57	[51,54)
49.6	51.4	[48,51)
79.4	72.4	[78,81)
50.4	52.5	[48,51)
45	46.9	[45,48)
44.7	39	[42,45)
66.6	63.5	[66,69)
72.8	71.3	[72,75)
44.4	41.5	[42,45)
49.6	39.4	[48,51)
66.3	37.3	[66,69)
69.2	75.7	[69,72)
54.6	48.8	[54,57)
58.2	62.2	[57,60)
70.1	66.6	[69,72)
57.4	61.2	[57,60)
38.6	35.8	[36,39)
53.1	56.3	[51,54)
59.8	62.6	[57,60)
69.5	65.5	[69,72)
53.4	48.2	[51,54)
41	36.5	[39,42)
63.3	70.1	[63,66)
36.5	34.5	[36,39)
69.9	74.5	[69,72)
53.2	50.3	[51,54)
71.3	71.3	[69,72)
68.6	75.4	[66,69)
68.1	69.1	[66,69)
39.5	46.4	[39,42)
72.9	70.5	[72,75)
43.4	37.7	[42,45)
21.4	23.5	[21,24)
66	68	[66,69)
29.6	31	[27,30)
29.1	30.6	[27,30)
37.8	31.7	[36,39)
62.1	67.4	[60,63)
64.4	76.9	[63,66)
65.3	72.2	[63,66)
39	35.8	[39,42)
39.6	32.4	[39,42)
31.2	38	[30,33)
72.3	78.2	[72,75)
43.3	51	[42,45)
32	33.9	[30,33)
70.3	72.6	[69,72)
49.5	41	[48,51)
47.2	47.3	[45,48)
75	71	[75,78)
50.4	40.6	[48,51)
62.2	52.9	[60,63)
37	40	[36,39)
58.3	51.8	[57,60)
48.8	54.3	[48,51)
68.8	73.3	[66,69)
46.1	52.1	[45,48)
79.6	77	[78,81)
49.8	59.9	[48,51)
27.3	34.2	[27,30)
42.7	51.8	[42,45)
75.3	79.3	[75,78)
69.8	70.3	[69,72)
59.6	60.8	[57,60)
63.1	60.5	[63,66)
38.3	41.5	[36,39)
70.5	76.3	[69,72)
56.9	61.8	[54,57)
18.2	23	[18,21)
50	50.9	[48,51)
50.5	49.7	[48,51)
65.3	56.8	[63,66)
62.2	56.1	[60,63)
61.3	57.5	[60,63)
72.6	71.5	[72,75)
81.5	71.1	[81,84)
53.7	62	[51,54)
54.8	56.6	[54,57)
57.6	55.3	[57,60)
39.6	45.1	[39,42)
41.7	38.6	[39,42)
75.9	73.9	[75,78)
56.6	54.3	[54,57)
66.8	71.6	[66,69)
30.9	31.1	[30,33)
63.9	73	[63,66)
64.5	69.9	[63,66)
74.2	75.9	[72,75)
77.8	76.1	[75,78)
51.8	53.7	[51,54)
43.7	51	[42,45)
58.4	52.6	[57,60)
68.9	69.9	[66,69)
54.8	52.1	[54,57)
42.4	34.8	[42,45)
58.9	55.4	[57,60)
53.2	51.8	[51,54)
40.9	35.4	[39,42)
51.9	50.2	[51,54)
49.1	52.7	[48,51)
41.4	45.5	[39,42)
40.4	32.9	[39,42)
49.1	45.9	[48,51)
27.4	27.1	[27,30)
62.6	64.8	[60,63)
39.3	38.3	[39,42)
52.6	59.1	[51,54)
43.4	49.8	[42,45)
43	36.6	[42,45)
45.5	43.4	[45,48)
74.8	69.4	[72,75)
46.6	48	[45,48)
32.7	29	[30,33)
33.8	26.9	[33,36)
55.5	56.6	[54,57)
77.2	71.9	[75,78)
50.9	45.8	[48,51)
43	36.6	[42,45)
38.6	39.6	[36,39)
61.5	64.5	[60,63)
50.1	57.1	[48,51)
49	52.3	[48,51)
39.9	37.8	[39,42)
54.7	53.7	[54,57)
79.6	75.5	[78,81)
34.1	22.1	[33,36)
41.6	39.7	[39,42)
48.2	54.6	[48,51)
33.7	36.1	[33,36)
57.7	72.4	[57,60)
67.7	69.2	[66,69)
59.7	55.7	[57,60)
21.5	22.4	[21,24)
59.3	70.9	[57,60)
54.2	51.2	[54,57)
50.9	56.5	[48,51)
47.5	48.4	[45,48)
67.1	69.2	[66,69)
49.4	74.2	[48,51)
66.4	67.3	[66,69)
28.7	34.3	[27,30)
74.6	67.2	[72,75)
60.6	73.6	[60,63)
60	68.2	[60,63)
77.1	69.7	[75,78)
67.6	60	[66,69)
62.4	71.3	[60,63)
59.9	62.9	[57,60)
38	41.6	[36,39)
49.8	39.4	[48,51)
45.9	42	[45,48)
76.5	70.3	[75,78)
52.7	54.3	[51,54)
50.3	50	[48,51)
50.8	43.6	[48,51)
46.2	44	[45,48)
66.3	68.1	[66,69)
72.7	77	[72,75)
29.4	31.8	[27,30)
35.4	36.6	[33,36)
31.1	42.8	[30,33)
52.1	58.1	[51,54)
44.1	40.3	[42,45)
45.4	40.8	[45,48)
32.3	36.3	[30,33)
51.2	52.6	[51,54)
69.1	65.9	[69,72)
35.7	32.6	[33,36)
37.1	43.1	[36,39)
27.5	30.7	[27,30)
44.4	42.6	[42,45)
44.2	51.9	[42,45)
44.4	50	[42,45)
40.2	32.8	[39,42)
31.7	32.8	[30,33)
68.7	63.4	[66,69)
29.9	27	[27,30)
69.1	76.5	[69,72)
43.2	49.7	[42,45)
56.8	41.6	[54,57)
52.6	47.2	[51,54)
29.8	31.6	[27,30)
47.9	47.3	[45,48)
61.7	64.7	[60,63)
56.2	46.5	[54,57)
31.1	33.7	[30,33)
53.1	49.2	[51,54)
44.6	51.3	[42,45)
46.8	48.6	[45,48)
35.4	39.7	[33,36)
59.9	58.7	[57,60)
56	55	[54,57)
67.8	64.7	[66,69)
54.2	50.1	[54,57)
64.1	71.7	[63,66)
43.7	31.4	[42,45)
64.4	70.7	[63,66)
58.7	55.8	[57,60)
41.9	36.4	[39,42)
49.8	46.7	[48,51)
44.9	44.1	[42,45)
50.2	50	[48,51)
68.4	61.8	[66,69)
35.2	32.3	[33,36)
50.7	49.2	[48,51)
48.4	47.4	[48,51)
63.3	72.3	[63,66)
22.1	26.5	[21,24)
71.6	71.1	[69,72)
75.9	74.7	[75,78)
70.6	71.4	[69,72)
57.3	65.9	[57,60)
42.1	37.6	[42,45)
39.2	39.9	[39,42)
74.5	70	[72,75)
48	52.1	[48,51)
70.6	72.5	[69,72)
46.1	50.2	[45,48)
52.8	52.8	[51,54)
60.4	64.9	[60,63)
64.7	70.5	[63,66)
38.3	33.5	[36,39)
34.2	31.2	[33,36)
60.9	68.1	[60,63)
45.3	40.9	[45,48)
69.5	67.5	[69,72)
55.5	36.7	[54,57)
80.3	75.1	[78,81)
63.1	77.6	[63,66)
48.1	50.7	[48,51)
68.5	60.5	[66,69)
49.4	52.4	[48,51)
41.9	30.5	[39,42)
41.5	35.5	[39,42)
55.8	52.1	[54,57)
46.8	51.9	[45,48)
61	70.3	[60,63)
35.7	33.4	[33,36)
71.9	77.1	[69,72)
54.3	44.1	[54,57)
24	27.2	[24,27)
53.2	50.9	[51,54)
43.6	39.1	[42,45)
30.6	26.6	[30,33)
55	50	[54,57)
51.5	52.2	[51,54)
42.5	47.6	[42,45)
50.8	51.3	[48,51)
57.3	53.1	[57,60)
72.5	64.8	[72,75)
30.6	40.1	[30,33)
29.3	37.2	[27,30)
61.8	70.2	[60,63)
47.5	50.8	[45,48)
72	72.4	[72,75)
47.6	40.8	[45,48)
38.8	32.2	[36,39)
71.8	70.6	[69,72)
33.9	33.5	[33,36)
55.6	48.7	[54,57)
24.3	23	[24,27)
71.3	74.5	[69,72)
69.4	76.6	[69,72)
42.8	47.4	[42,45)
48.6	44.4	[48,51)
65.5	62.6	[63,66)
45	49.3	[45,48)
65.9	68.4	[63,66)
70.8	75	[69,72)
67.7	69.5	[66,69)
78.4	73.4	[78,81)
54.7	48.3	[54,57)
67.9	70.5	[66,69)
24.3	26.6	[24,27)
65.5	68.9	[63,66)
71.9	68.1	[69,72)
67.1	65.3	[66,69)
72.3	72.3	[72,75)
69.6	62.7	[69,72)
34.2	50	[33,36)
70.5	73.8	[69,72)
70.2	72	[69,72)
54.8	68.6	[54,57)
60.9	50.3	[60,63)
37	37.9	[36,39)
55.9	65.3	[54,57)
70.9	75.1	[69,72)
53.1	54.4	[51,54)
45.7	48.5	[45,48)
60.2	69.1	[60,63)
59.3	55.5	[57,60)
56.8	53	[54,57)
43.1	46.4	[42,45)
73.2	70.1	[72,75)
59.1	58.8	[57,60)
35.6	36.1	[33,36)
48.4	49.5	[48,51)
63.8	71.8	[63,66)
61.3	63.9	[60,63)
33.4	31.6	[33,36)
35.8	67.5	[33,36)
38.3	35.6	[36,39)
35.8	34.1	[33,36)
69	71.3	[69,72)
37.4	34.1	[36,39)
48.5	47.1	[48,51)
48.1	42.7	[48,51)
36.9	46.1	[36,39)
70	67.1	[69,72)
37	44.9	[36,39)
55.8	46.4	[54,57)
35.9	33.9	[33,36)
44.6	48.2	[42,45)
53	49.4	[51,54)
37.2	37.8	[36,39)
43.8	44.6	[42,45)
66.6	72.6	[66,69)
56.5	52.1	[54,57)
36.1	42.7	[36,39)
51.8	44.1	[51,54)
43.5	56.2	[42,45)
57	48.6	[57,60)
66.6	62.6	[66,69)
35.1	36.3	[33,36)
71.9	69.3	[69,72)
41.3	35.8	[39,42)
43.9	38.8	[42,45)
24.4	28	[24,27)
65.7	67.4	[63,66)
41.1	51.4	[39,42)
39.5	49	[39,42)
58.8	63	[57,60)
57.3	64.5	[57,60)
48.1	45.2	[48,51)
71.6	73	[69,72)
58.4	51.2	[57,60)
69.3	76.9	[69,72)
65.9	60.5	[63,66)
61.6	61.2	[60,63)
57	54.5	[57,60)
74	65.9	[72,75)
65	63.6	[63,66)
28.1	29.1	[27,30)
69.9	71.6	[69,72)
51.5	66.4	[51,54)
58.5	62.3	[57,60)
58.3	55	[57,60)
54.5	52.6	[54,57)
69.2	75.5	[69,72)
47	47.9	[45,48)
26.5	40.3	[24,27)
18.4	26.7	[18,21)
45.2	43.3	[45,48)
58.2	57.9	[57,60)
46.7	49.7	[45,48)
62.5	55.9	[60,63)
23.8	34	[21,24)
60.4	59.8	[60,63)
54.4	49.9	[54,57)
64.4	62	[63,66)
58.4	54.6	[57,60)
46.7	44.5	[45,48)
72	66.1	[72,75)
65.8	74.9	[63,66)
40.9	36.8	[39,42)
64.4	72.5	[63,66)
25.1	32.1	[24,27)
44.7	48.3	[42,45)
55.1	64.7	[54,57)
57.7	55	[57,60)
36.3	46.1	[36,39)
63.5	58.3	[63,66)
68.1	70.5	[66,69)
55.6	54.3	[54,57)
36.9	50.2	[36,39)
42.3	34.6	[42,45)
50.2	45.9	[48,51)
40	48.7	[39,42)
48	61	[48,51)
32.3	35	[30,33)
66.8	73.2	[66,69)
63.8	62.8	[63,66)
51.6	40.1	[51,54)
77	71.9	[75,78)
60.2	72.3	[60,63)
43.3	44.6	[42,45)
48.6	43.9	[48,51)
60	55.4	[60,63)
49.3	40.1	[48,51)
44.6	47.6	[42,45)
56.2	53.1	[54,57)
34.8	33.4	[33,36)
30	39.4	[30,33)
49.1	45.7	[48,51)
64	73.3	[63,66)
39.9	61.9	[39,42)
70.4	67.5	[69,72)
47.3	39.5	[45,48)
53	51.6	[51,54)
56.5	39.8	[54,57)
65.4	67.3	[63,66)
56.8	55.7	[54,57)
47.1	44.2	[45,48)
47.9	37.7	[45,48)
64	69.6	[63,66)
52.5	55.4	[51,54)
52	55.9	[51,54)
52.3	49.7	[51,54)
51.6	44.9	[51,54)
30.7	38	[30,33)
37	37.1	[36,39)
18.2	25.6	[18,21)
72.3	70	[72,75)
76.8	73.2	[75,78)
72.9	70.1	[72,75)
66.4	64	[66,69)
54.3	50.5	[54,57)
67.9	66.8	[66,69)
67.4	65.9	[66,69)
69	65	[69,72)
74.3	69.4	[72,75)
63.4	60.4	[63,66)
59.7	68.2	[57,60)
51.3	46.8	[51,54)
63.8	62.7	[63,66)
35.1	25.5	[33,36)
45.9	36.5	[45,48)
67.9	61.8	[66,69)
51.5	58.5	[51,54)
36	35.9	[36,39)
61.8	57.8	[60,63)
69.2	67.5	[69,72)
57.5	57.4	[57,60)
39	40.1	[39,42)
71.7	77.9	[69,72)
54.1	57.8	[54,57)
63	68.8	[63,66)
45.6	45.9	[45,48)
67.4	63.9	[66,69)
59	62	[57,60)
54.8	46.3	[54,57)
66.3	57.4	[66,69)
62.7	69.1	[60,63)
56.5	53	[54,57)
50.2	54.9	[48,51)
45.5	47.7	[45,48)
31.8	38.8	[30,33)
64.4	67.3	[63,66)
52.5	51.4	[51,54)
30.3	35.6	[30,33)
60.6	67.1	[60,63)
58.6	59.9	[57,60)
59.7	67.1	[57,60)
68.1	71.6	[66,69)
25.1	20.7	[24,27)
67.5	75	[66,69)
29.3	35	[27,30)
65	73.3	[63,66)
46.2	40.8	[45,48)
63.7	72.3	[63,66)
22.7	28	[21,24)
39.6	34.2	[39,42)
48.1	42.8	[48,51)
64.4	54.3	[63,66)
58.9	62.4	[57,60)
56.7	55	[54,57)
58.1	51.9	[57,60)
72.9	70.5	[72,75)
57.9	58.5	[57,60)
45.5	40.2	[45,48)
68.3	73.1	[66,69)
51.3	50.6	[51,54)
45	50.3	[45,48)
64	70	[63,66)
39.9	38.4	[39,42)
28.3	25.7	[27,30)
29	26.1	[27,30)
53.5	48.8	[51,54)
44.7	35.5	[42,45)
45.7	62.3	[45,48)
49.3	53	[48,51)
45.8	39.9	[45,48)
59.4	59.6	[57,60)
54.9	58.2	[54,57)
62.5	67.3	[60,63)
33.3	38.9	[33,36)
81.2	74.9	[81,84)
79.9	75.5	[78,81)
54.3	45.6	[54,57)
50.5	56.2	[48,51)
56.7	57.8	[54,57)
49.9	55.9	[48,51)
53.3	51.6	[51,54)
34.9	38.1	[33,36)
63.2	51.6	[63,66)
33.2	31.9	[33,36)
49	52.3	[48,51)
65.6	69.7	[63,66)
72.3	75.7	[72,75)
50.4	49.8	[48,51)
42.3	41.8	[42,45)
63.8	65.1	[63,66)
42.6	42	[42,45)
44.5	44	[42,45)
53.9	50.5	[51,54)
66.8	71.2	[66,69)
77.2	73.4	[75,78)
29.4	34.4	[27,30)
43.5	48.3	[42,45)
43.3	45.9	[42,45)
71.8	67.2	[69,72)
45.8	46.5	[45,48)
39.3	44.1	[39,42)
59.4	71	[57,60)
56.3	52.8	[54,57)
77.6	72.5	[75,78)
54	60.9	[54,57)
65.7	51.5	[63,66)
48.4	47.9	[48,51)
60.9	51.1	[60,63)
62.7	68.4	[60,63)
57.3	55.4	[57,60)
40.1	47.3	[39,42)
52.7	50.6	[51,54)
42.8	38.9	[42,45)
48.7	41.1	[48,51)
48	41.8	[48,51)
48.2	53.1	[48,51)
49.6	52.5	[48,51)
44.4	47.2	[42,45)
50.1	56.9	[48,51)
46	40.4	[45,48)
51.2	52.7	[51,54)
56.8	49.5	[54,57)
37.6	41.9	[36,39)
75.1	74.2	[75,78)
54	63.3	[54,57)
47.7	59.9	[45,48)
61.9	73	[60,63)
51.2	70.6	[51,54)
36.5	39.6	[36,39)
53.9	51.1	[51,54)
70.3	72.6	[69,72)
40.9	44.6	[39,42)
63.5	49.9	[63,66)
76	70.7	[75,78)
74.3	70.9	[72,75)
77.3	73.9	[75,78)
58.3	58.8	[57,60)
27	34.7	[27,30)
63.9	68.5	[63,66)
27.6	25.9	[27,30)
29.8	28.7	[27,30)
37.9	33.2	[36,39)
25	27.6	[24,27)
44.7	48.2	[42,45)
68.1	61.2	[66,69)
62.6	68.4	[60,63)
52.6	51	[51,54)
41.7	49.1	[39,42)
66.7	74	[66,69)
36.9	39.2	[36,39)
55.3	63	[54,57)
55.4	52.7	[54,57)
52.7	45.7	[51,54)
62.8	54.2	[60,63)
49.8	53.6	[48,51)
66.7	62.3	[66,69)
81.5	74.6	[81,84)
73.1	69.4	[72,75)
47.6	45.7	[45,48)
43.9	49.6	[42,45)
32.5	37.4	[30,33)
54.1	58.4	[54,57)
68.6	71.9	[66,69)
59	60.3	[57,60)
56.8	56.2	[54,57)
79.3	72.2	[78,81)
51.9	56.4	[51,54)
53.9	51.9	[51,54)
71	77.4	[69,72)
34.5	35.7	[33,36)
41.7	42.2	[39,42)
57.5	55.7	[57,60)
50.7	51.6	[48,51)
29	29.5	[27,30)
59	55.1	[57,60)
69.8	72	[69,72)
61.4	65.2	[60,63)
70.9	74.7	[69,72)
48.2	39.6	[48,51)
33.4	33.8	[33,36)
26.2	26.8	[24,27)
30.9	32.5	[30,33)
32.6	33.5	[30,33)
28.8	25.9	[27,30)
42.7	40.4	[42,45)
43	31.1	[42,45)
81.2	73.3	[81,84)
54.7	46.4	[54,57)
46	51.7	[45,48)
65.4	71.1	[63,66)
36.8	37	[36,39)
43.1	48.2	[42,45)
54	54.3	[54,57)
30.7	25.9	[30,33)
52.9	68.3	[51,54)
37	32.2	[36,39)
47.2	49.1	[45,48)
33.9	38.4	[33,36)
60.2	63.1	[60,63)
44.7	52.4	[42,45)
38.1	37.3	[36,39)
43.3	44	[42,45)
43.8	48.7	[42,45)
41.2	48.4	[39,42)
40.7	48.4	[39,42)
28.3	34.7	[27,30)
42.8	38.5	[42,45)
53.5	46.4	[51,54)
78.5	68.4	[78,81)
45	38	[45,48)
63.4	65.7	[63,66)
55.3	59.6	[54,57)
51.3	56.5	[51,54)
67.4	67.7	[66,69)
37.6	33.7	[36,39)
35.4	36	[33,36)
49.3	53.1	[48,51)
59.1	73	[57,60)
40.7	41.8	[39,42)
57.3	58	[57,60)
73.7	68.8	[72,75)
69.4	70.2	[69,72)
64.1	69.5	[63,66)
31.2	36	[30,33)
37.4	33.8	[36,39)
55.9	52.9	[54,57)
39.5	46.3	[39,42)
63.9	69.2	[63,66)
45.6	44.4	[45,48)
52.4	49.3	[51,54)
52.6	52.2	[51,54)
62	67.6	[60,63)
53.4	46.2	[51,54)
36.3	32.1	[36,39)
39.6	38.8	[39,42)
59.1	59.1	[57,60)
71	73.3	[69,72)
52.1	45.4	[51,54)
18.2	26.5	[18,21)
62.3	66.4	[60,63)
55.4	42.8	[54,57)
30.7	29.8	[30,33)
63.1	66.3	[63,66)
33.4	30.9	[33,36)
56	55.5	[54,57)
37.1	43.7	[36,39)
49.2	49	[48,51)
61.7	62.3	[60,63)
58.7	66.3	[57,60)
70.9	64.6	[69,72)
64.7	70.6	[63,66)
69.3	62	[69,72)
72.1	66.5	[72,75)
70.6	73.3	[69,72)
32.8	34.7	[30,33)
62.7	58.3	[60,63)
52.6	53.1	[51,54)
50.9	50.8	[48,51)
29.6	30.7	[27,30)
41.6	51.9	[39,42)
44	33.8	[42,45)
64.4	71.2	[63,66)
70.5	72.9	[69,72)
66.8	69.3	[66,69)
46.6	38.7	[45,48)
43.1	54.8	[42,45)
43	53.9	[42,45)
43.7	30	[42,45)
60.8	68.5	[60,63)
48.8	47	[48,51)
69.9	70.5	[69,72)
34	34.8	[33,36)
38.1	36.6	[36,39)
63.6	66.9	[63,66)
59.6	56.8	[57,60)
61.4	68.2	[60,63)
32.6	35.5	[30,33)
32.9	37.8	[30,33)
40.2	44.5	[39,42)
19.4	20.7	[18,21)
64.2	70.1	[63,66)
72	68	[72,75)
78.9	74.4	[78,81)
51.5	51.6	[51,54)
48.8	50.3	[48,51)
72.1	72.5	[72,75)
49.1	45.1	[48,51)
44.4	46.7	[42,45)
38.3	35.3	[36,39)
69.3	74.9	[69,72)
50.5	56.3	[48,51)
28	32.9	[27,30)
62.5	61.2	[60,63)
44.9	39.7	[42,45)
42.3	48.8	[42,45)
65	64.7	[63,66)
51.8	45.1	[51,54)
23.7	20.9	[21,24)
53.4	61.8	[51,54)
31.2	33.1	[30,33)
46.1	51.9	[45,48)
66.3	59.6	[66,69)
35.2	31.6	[33,36)
72.6	60.7	[72,75)
34.7	33.4	[33,36)
59.9	66.3	[57,60)
66	62.9	[66,69)
54.1	53.8	[54,57)
59.1	60.7	[57,60)
30.5	26.3	[30,33)
45.1	57.9	[45,48)
35.8	31.7	[33,36)
43.5	29.4	[42,45)
52.2	57.8	[51,54)
60.1	67.9	[60,63)
38.1	37.5	[36,39)
25.1	32.5	[24,27)
43.8	56.9	[42,45)
47.7	50	[45,48)
58.5	56	[57,60)
77	73.7	[75,78)
72	67.3	[72,75)
58.8	55.4	[57,60)
44.5	46.4	[42,45)
71.4	73.4	[69,72)
37.7	37.9	[36,39)
46.8	37.8	[45,48)
70.1	67.9	[69,72)
29.8	33.4	[27,30)
67.3	74.5	[66,69)
66.8	65.8	[66,69)
47.7	48.9	[45,48)
66.7	63.5	[66,69)
67.6	68	[66,69)
48.6	49.1	[48,51)
53.7	62	[51,54)
71.2	71.6	[69,72)
30.8	29.1	[30,33)
22.3	21.4	[21,24)
72.5	74.9	[72,75)
68.7	69	[66,69)
71.8	68.7	[69,72)
40.9	38.5	[39,42)
64.6	68.6	[63,66)
71.3	73.2	[69,72)
53	51.1	[51,54)
61.7	72.1	[60,63)
60.3	61.4	[60,63)
59.8	69.8	[57,60)
66	71.9	[66,69)
37	37.2	[36,39)
56.7	56.7	[54,57)
50.6	48.6	[48,51)
52.1	59.3	[51,54)
48.1	46.2	[48,51)
45.7	42.4	[45,48)
58.4	65.7	[57,60)
48.4	51.7	[48,51)
54.7	62.4	[54,57)
49.3	56.7	[48,51)
27.3	30.8	[27,30)
53.2	46.9	[51,54)
60.2	62.6	[60,63)
72.8	73.9	[72,75)
54.9	52.4	[54,57)
73	64.6	[72,75)
71.1	68.9	[69,72)
50	48.6	[48,51)
60	51.3	[60,63)
59.5	68.8	[57,60)
70.9	74.5	[69,72)
62.1	64.5	[60,63)
53.3	49.3	[51,54)
41.6	54.1	[39,42)
60.7	56.3	[60,63)
36.9	37	[36,39)
52.7	51.6	[51,54)
45	29.9	[45,48)
36	49.2	[36,39)
63.6	68.8	[63,66)
38.8	47.6	[36,39)
54.6	64.3	[54,57)
21.1	29.4	[21,24)
65.2	61	[63,66)
60.4	63.3	[60,63)
55.9	59.3	[54,57)
33.8	31.3	[33,36)
38	38	[36,39)
63.1	67	[63,66)
31.4	30.9	[30,33)
32.7	35.6	[30,33)
28.9	30.7	[27,30)
75.6	71.2	[75,78)
53.6	48.3	[51,54)
51.3	49.4	[51,54)
69.2	74.4	[69,72)
53	51.4	[51,54)
38.8	40	[36,39)
74.8	74.1	[72,75)
51.6	40.4	[51,54)
58.4	60.5	[57,60)
64	62.9	[63,66)
74.3	66.8	[72,75)
41.7	54.7	[39,42)
30.7	25.3	[30,33)
44.1	49.3	[42,45)
55	48.6	[54,57)
39.6	38.5	[39,42)
37.4	45.5	[36,39)
42.1	49.8	[42,45)
47.6	49.8	[45,48)
31	28.3	[30,33)
53.8	53.5	[51,54)
54.3	56.9	[54,57)
65.7	72.4	[63,66)
38	32.5	[36,39)
38.9	49.4	[36,39)
25.5	24.5	[24,27)
66.7	63.3	[66,69)
30.7	29.7	[30,33)
56.7	58.9	[54,57)
80.5	73.2	[78,81)
56.9	60.1	[54,57)
63.6	67	[63,66)
36.9	35.2	[36,39)
38.4	39.4	[36,39)
66.6	58.3	[66,69)
47.9	42.7	[45,48)
31.5	32.5	[30,33)
34.9	40.1	[33,36)
60.2	54.3	[60,63)
51.2	48.3	[51,54)
34	32.5	[33,36)
44.1	41.8	[42,45)
63.6	69.2	[63,66)
73.5	68.4	[72,75)
70.5	75.2	[69,72)
48.9	46.1	[48,51)
20.7	27.7	[18,21)
62.4	55.5	[60,63)
69.7	62.3	[69,72)
34.3	25.6	[33,36)
47.9	41.7	[45,48)
39.6	42.1	[39,42)
32.5	39.5	[30,33)
56.7	56.7	[54,57)
70.5	71.7	[69,72)
65.9	73.8	[63,66)
43	45.7	[42,45)
50.9	58	[48,51)
39.9	39.2	[39,42)
45.6	48	[45,48)
33.9	34.2	[33,36)
70.1	77.5	[69,72)
74.1	68.8	[72,75)
45.4	53.1	[45,48)
71.3	68.8	[69,72)
75.3	74.6	[75,78)
52.2	56.3	[51,54)
67.1	71.8	[66,69)
43.5	44.2	[42,45)
32.4	27.1	[30,33)
36	38.6	[36,39)
35.4	28.8	[33,36)
72.1	72.5	[72,75)
47	42.9	[45,48)
34.3	35	[33,36)
26.5	30	[24,27)
53	50.2	[51,54)
45.3	41.6	[45,48)
61.8	59.1	[60,63)
36.6	33.8	[36,39)
51.2	56.5	[51,54)
40.9	39.7	[39,42)
61.9	52.9	[60,63)
54.6	63.1	[54,57)
67	70.1	[66,69)
68.8	67.5	[66,69)
69.3	66.7	[69,72)
33.8	42.4	[33,36)
43.8	43.9	[42,45)
78.4	73.8	[78,81)
27.3	32.9	[27,30)
35.9	44.5	[33,36)
69.8	71.1	[69,72)
42.2	43.1	[42,45)
53.7	51.5	[51,54)
73.2	71.4	[72,75)
34.8	32	[33,36)
70.5	75.5	[69,72)
66.7	70.7	[66,69)
39.8	46.5	[39,42)
39.4	37.1	[39,42)
54.8	41.3	[54,57)
47.5	47.7	[45,48)
35.1	34.2	[33,36)
58.7	60.9	[57,60)
80.7	68.1	[78,81)
66	52.6	[66,69)
39.2	39.3	[39,42)
48.3	45.5	[48,51)
69.7	65.6	[69,72)
50.3	49.6	[48,51)
62.2	63.4	[60,63)
81.9	68.8	[81,84)
74.1	73.6	[72,75)
39.4	41.9	[39,42)
39.1	37.7	[39,42)
63.9	65.6	[63,66)
53.2	49	[51,54)
34.3	36.9	[33,36)
56.8	55.3	[54,57)
50.6	50.4	[48,51)
57.3	56.8	[57,60)
57.8	64.7	[57,60)
53.3	52.8	[51,54)
23.8	29.3	[21,24)
60	70.2	[60,63)
62.3	70.8	[60,63)
52.4	53.6	[51,54)
21.7	27.6	[21,24)
68.7	67	[66,69)
64.8	62.6	[63,66)
43.1	53.7	[42,45)
38.1	37.5	[36,39)
43.5	35.6	[42,45)
46.8	47.5	[45,48)
69.9	74	[69,72)
27.9	33.8	[27,30)
43.4	41.4	[42,45)
71.3	74	[69,72)
41.3	33.1	[39,42)
62.8	68.9	[60,63)
62.2	68.1	[60,63)
50.9	53.3	[48,51)
78	71.7	[78,81)
29.1	24.2	[27,30)
70	69.1	[69,72)
41.7	57.4	[39,42)
75.5	72.9	[75,78)
52.9	56.2	[51,54)
49.8	48.6	[48,51)
57.2	58.9	[57,60)
39.7	37	[39,42)
70.7	68.4	[69,72)
62.1	62.1	[60,63)
54.8	48.5	[54,57)
63.1	52.7	[63,66)
53.7	50.6	[51,54)
58.2	66.8	[57,60)
64.7	71.6	[63,66)
57.4	55.1	[57,60)
69.2	61.9	[69,72)
51	52.7	[51,54)
34.5	41.6	[33,36)
45.7	45.8	[45,48)
36.1	32.8	[36,39)
61.6	66	[60,63)
74.7	69.4	[72,75)
49.6	58.1	[48,51)
52.5	42.8	[51,54)
43.9	44.8	[42,45)
72.8	64.8	[72,75)
70.1	68	[69,72)
34.2	36.5	[33,36)
58.3	53.7	[57,60)
58.4	64.2	[57,60)
52.2	49	[51,54)
49	43.8	[48,51)
41.9	38	[39,42)
57.1	64.5	[57,60)
35.2	37.3	[33,36)
30.6	32.4	[30,33)
53.9	53.4	[51,54)
49	50	[48,51)
20.3	26.4	[18,21)
74.7	71.4	[72,75)
55.6	58.5	[54,57)
52.2	57.5	[51,54)
42.6	45.2	[42,45)
64	67.3	[63,66)
36.4	35.9	[36,39)
28.9	28.7	[27,30)
42.1	41.3	[42,45)
32	29.4	[30,33)
57.6	50.6	[57,60)
70.4	73.6	[69,72)
38.8	39.8	[36,39)
71.3	73.2	[69,72)
44	45.6	[42,45)
46.6	48.5	[45,48)
36.7	32.6	[36,39)
77.9	72	[75,78)
33.8	28.6	[33,36)
66.1	72.3	[66,69)
74.6	75.3	[72,75)
35.7	34.9	[33,36)
25.3	29.2	[24,27)
49.5	38	[48,51)
54.4	51.9	[54,57)
63.1	63.7	[63,66)
78.1	70.6	[78,81)
81.8	74	[81,84)
54.7	49.7	[54,57)
41.4	39.4	[39,42)
76.5	70.2	[75,78)
18.2	22.4	[18,21)
66.9	66.7	[66,69)
53.3	44	[51,54)
72.5	69.4	[72,75)
57.1	55.6	[57,60)
41.9	38.5	[39,42)
35.7	35.6	[33,36)
50.8	51.7	[48,51)
72.8	70	[72,75)
56.5	52.1	[54,57)
59.6	67.3	[57,60)
50.9	44.2	[48,51)
18.2	32.6	[18,21)
59.6	47.8	[57,60)
36.2	32.4	[36,39)
38.1	34.7	[36,39)
30.3	33.4	[30,33)
48.3	48.9	[48,51)
43.3	48.2	[42,45)
68.7	71.3	[66,69)
47.5	51.6	[45,48)
69.4	71.2	[69,72)
56.4	53.1	[54,57)
51.3	65	[51,54)
49	46.5	[48,51)
40	38.6	[39,42)
62.5	75.7	[60,63)
63.5	73.3	[63,66)
57.8	55.5	[57,60)
39.4	59	[39,42)
65.4	65.1	[63,66)
46.6	51.4	[45,48)
59.5	60.4	[57,60)
51.4	51.4	[51,54)
76.5	70.7	[75,78)
56.6	62.7	[54,57)
68	70.7	[66,69)
58.3	52.9	[57,60)
52.7	42.7	[51,54)
20.3	22.8	[18,21)
31.1	28.1	[30,33)
67.9	76.1	[66,69)
65.6	66.3	[63,66)
66.2	71.5	[66,69)
48.4	53.8	[48,51)
57.6	51.2	[57,60)
64.3	64.1	[63,66)
47.8	44.3	[45,48)
47.6	52.9	[45,48)
22.9	24.2	[21,24)
40.4	41.4	[39,42)
64.5	72.1	[63,66)
28.8	29.5	[27,30)
27	26.7	[27,30)
64.6	67.3	[63,66)
39.8	43.7	[39,42)
68.9	70.3	[66,69)
30	28.4	[30,33)
64.5	69.5	[63,66)
67	76.7	[66,69)
27.6	31.5	[27,30)
63.2	66.2	[63,66)
62.5	58	[60,63)
51.8	54.8	[51,54)
51.9	54.3	[51,54)
24.3	26.6	[24,27)
37.5	38.1	[36,39)
47.4	45.8	[45,48)
72.6	69.8	[72,75)
62.9	62.7	[60,63)
70.2	69.4	[69,72)
50.5	44.1	[48,51)
51.8	47.3	[51,54)
32	36.2	[30,33)
62.6	65.9	[60,63)
44.9	56.9	[42,45)
65.4	68	[63,66)
69.4	65.7	[69,72)
35.7	38	[33,36)
47.9	42.5	[45,48)
74.1	70.9	[72,75)
38	45.3	[36,39)
72.2	73.2	[72,75)
50.8	58	[48,51)
46.6	45.1	[45,48)
25.4	28.4	[24,27)
43.6	37.2	[42,45)
60.9	65	[60,63)
31.5	37.9	[30,33)
53.1	45.8	[51,54)
21.8	28.7	[21,24)
78.4	71.8	[78,81)
72.6	68.8	[72,75)
51	42.4	[51,54)
22.6	26.3	[21,24)
51.2	63.6	[51,54)
26.7	25.6	[24,27)
71.6	70.9	[69,72)
32.4	39	[30,33)
47.6	48.3	[45,48)
35.5	30.5	[33,36)
39.8	39.8	[39,42)
27.2	25.9	[27,30)
41.5	31	[39,42)
81.7	71.7	[81,84)
64.3	65.4	[63,66)
35.6	42.9	[33,36)
74	72.5	[72,75)
48.1	41.1	[48,51)
70.6	69.8	[69,72)
67.1	70.4	[66,69)
40	46.4	[39,42)
79.8	76.3	[78,81)
63.4	67.2	[63,66)
42.4	42	[42,45)
28.3	36.5	[27,30)
69.4	67.4	[69,72)
56.9	69	[54,57)
43.6	41.9	[42,45)
55.9	52.6	[54,57)
45	43.4	[45,48)
33.6	25.8	[33,36)
31.1	44.9	[30,33)
43.1	39.6	[42,45)
44.1	46.1	[42,45)
62.3	65.2	[60,63)
64.3	55.3	[63,66)
63.4	71.7	[63,66)
45.3	39.2	[45,48)
51	36.9	[51,54)
53.8	50.3	[51,54)
45.7	47.3	[45,48)
18.7	27.6	[18,21)
48.5	48.2	[48,51)
73	70.3	[72,75)
28.8	30	[27,30)
33.4	39	[33,36)
48.6	47	[48,51)
43	41.8	[42,45)
62	64.4	[60,63)
41.1	40.7	[39,42)
32.6	37.9	[30,33)
56.1	60.8	[54,57)
47.3	47.6	[45,48)
46.5	42.2	[45,48)
34	35.5	[33,36)
62	60.5	[60,63)
54.2	57.2	[54,57)
47.8	49.9	[45,48)
64.3	72.9	[63,66)
56.5	55.3	[54,57)
69.2	70.8	[69,72)
69.6	69.6	[69,72)
70.3	77.7	[69,72)
47.6	55.1	[45,48)
37.9	37.4	[36,39)
27.4	27.7	[27,30)
50.5	50.3	[48,51)
76.6	74.6	[75,78)
75.2	71.9	[75,78)
35.1	46.8	[33,36)
28.2	26.9	[27,30)
36.7	30.1	[36,39)
49.1	49.6	[48,51)
71.9	72.2	[69,72)
50.7	50.4	[48,51)
27.8	33.9	[27,30)
74.7	77.1	[72,75)
33.6	38.9	[33,36)
42	38.5	[42,45)
46.6	39.1	[45,48)
36.3	37.4	[36,39)
38.9	37.4	[36,39)
61.2	61.8	[60,63)
55.1	52.1	[54,57)
41.7	47.6	[39,42)
37	34.8	[36,39)
78.8	74.5	[78,81)
27.8	31.7	[27,30)
41.3	49.9	[39,42)
51	57	[51,54)
73.5	71.6	[72,75)
68.1	59.4	[66,69)
51	51.9	[51,54)
35.9	28.7	[33,36)
70.4	76.7	[69,72)
50.4	56.1	[48,51)
54.9	50.4	[54,57)
65.1	66.7	[63,66)
71.8	73.9	[69,72)
57.7	52.5	[57,60)
46.5	52.7	[45,48)
58.3	71.1	[57,60)
73.1	65.6	[72,75)
44.8	36.8	[42,45)
66.5	72.6	[66,69)
78.3	74.7	[78,81)
28.2	24.5	[27,30)
23.7	33.8	[21,24)
60.3	60.2	[60,63)
67.7	60.4	[66,69)
24.8	25.3	[24,27)
55.4	55.7	[54,57)
34.1	31.3	[33,36)
52.9	53.1	[51,54)
26.2	23.5	[24,27)
58.8	53.7	[57,60)
79.4	73.7	[78,81)
20.3	25.2	[18,21)
53.3	50.3	[51,54)
61.6	54.5	[60,63)
48.2	50.2	[48,51)
67.2	60.1	[66,69)
31.3	35.7	[30,33)
63.1	66.6	[63,66)
46.1	48.1	[45,48)
37.5	42.1	[36,39)
29.7	30.8	[27,30)
73.2	72	[72,75)
47.8	50.3	[45,48)
27.9	28	[27,30)
75	72.5	[75,78)
59.6	54.7	[57,60)
26.8	29.2	[24,27)
28	26.4	[27,30)
61.8	58.6	[60,63)
20.8	21.1	[18,21)
39.8	38.9	[39,42)
55.9	55.1	[54,57)
49.9	42.8	[48,51)
67.2	72.2	[66,69)
27.7	33.6	[27,30)
56.9	53	[54,57)
46.8	50.1	[45,48)
31.6	23.8	[30,33)
54.8	57.2	[54,57)
27.4	23	[27,30)
37.1	37.1	[36,39)
48.1	51.8	[48,51)
70.2	76.6	[69,72)
42.5	39.6	[42,45)
56.6	53	[54,57)
27.8	31.5	[27,30)
49.6	57.4	[48,51)
61.7	68.7	[60,63)
54.4	51.2	[54,57)
60.4	64.1	[60,63)
34.8	38.7	[33,36)
72.5	72.8	[72,75)
46.1	46	[45,48)
68.4	72.4	[66,69)
30.6	35.7	[30,33)
28.6	34	[27,30)
59.9	64.6	[57,60)
53.3	57.5	[51,54)
51.9	53.4	[51,54)
48.1	48	[48,51)
34.6	33	[33,36)
42.6	38.1	[42,45)
54.3	39.3	[54,57)
64	61.2	[63,66)
64	69.2	[63,66)
22.5	23.2	[21,24)
21.1	31	[21,24)
66.8	59.1	[66,69)
21.1	27.6	[21,24)
46.7	52.5	[45,48)
50.5	48.2	[48,51)
71.8	68.7	[69,72)
60.9	59.2	[60,63)
53.9	56.2	[51,54)
75.3	66.3	[75,78)
39.5	52.9	[39,42)
73.8	74.2	[72,75)
68.1	71.1	[66,69)
64.8	68.3	[63,66)
42.9	41.1	[42,45)
46.6	49.3	[45,48)
59.2	51.2	[57,60)
65.9	72.3	[63,66)
71.3	75.7	[69,72)
30.5	34.6	[30,33)
31.7	35	[30,33)
37.2	45.9	[36,39)
30.7	33.6	[30,33)
72.7	67.8	[72,75)
69	68.6	[69,72)
47	48.9	[45,48)
72.1	75.3	[72,75)
51	48	[51,54)
49.6	52.8	[48,51)
48.7	44.7	[48,51)
80.6	70.9	[78,81)
31.1	36	[30,33)
44.2	51.1	[42,45)
45	47.4	[45,48)
49.5	47.1	[48,51)
75.4	75.4	[75,78)
60.5	67.1	[60,63)
29.8	20.4	[27,30)
49.9	55.4	[48,51)
64.6	70.1	[63,66)
60.4	65.8	[60,63)
71	67.6	[69,72)
50.1	49.3	[48,51)
29.4	32.2	[27,30)
29.1	23.5	[27,30)
69.3	76.2	[69,72)
57.2	52.1	[57,60)
61	63.7	[60,63)
48.2	48	[48,51)
37.3	33.1	[36,39)
48.8	47.8	[48,51)
74.7	70	[72,75)
62.8	67.2	[60,63)
54	70.2	[54,57)
30.7	34.5	[30,33)
35.3	29.8	[33,36)
61.2	63.4	[60,63)
69.1	74.5	[69,72)
56.6	48	[54,57)
37.7	39.6	[36,39)
49.5	43.6	[48,51)
51.4	61.9	[51,54)
73.5	70.2	[72,75)
57	53.3	[57,60)
46	45.5	[45,48)
61	51.5	[60,63)
72.5	67	[72,75)
61.8	63.8	[60,63)
75.3	68.4	[75,78)
68.1	70.6	[66,69)
61.8	65	[60,63)
77.2	74.6	[75,78)
64.2	63.9	[63,66)
53.4	50.9	[51,54)
37.4	47.4	[36,39)
68.3	73	[66,69)
62.8	65.1	[60,63)
37.9	33.2	[36,39)
47.5	53	[45,48)
71.3	75	[69,72)
75.8	71.1	[75,78)
75.3	76.6	[75,78)
33.3	32.7	[33,36)
48.5	44.2	[48,51)
54.8	53.7	[54,57)
69.3	73.7	[69,72)
56	63	[54,57)
51.4	48.7	[51,54)
55	57.7	[54,57)
55.2	56.4	[54,57)
26.1	31.6	[24,27)
54.8	52.7	[54,57)
69.8	61.1	[69,72)
25.2	27.5	[24,27)
34.2	39.1	[33,36)
73.7	79	[72,75)
59.6	71.2	[57,60)
39.3	47.6	[39,42)
51.5	45.4	[51,54)
50.1	52.7	[48,51)
52.2	50	[51,54)
70.1	71.9	[69,72)
45.3	53.2	[45,48)
52.7	57.9	[51,54)
73.4	63.5	[72,75)
49.4	46.7	[48,51)
53.6	45.7	[51,54)
71.7	74.2	[69,72)
46.4	44.5	[45,48)
40.3	35.7	[39,42)
50	51.4	[48,51)
52.9	49.5	[51,54)
74.6	72.7	[72,75)
33.5	26.5	[33,36)
33.2	29.1	[33,36)
58.6	57.4	[57,60)
18.2	21.2	[18,21)
55.3	50.8	[54,57)
75.3	74.4	[75,78)
47.4	53.8	[45,48)
62.2	66.4	[60,63)
32.2	37.1	[30,33)
33.8	35.3	[33,36)
41.3	46.7	[39,42)
36.4	37.6	[36,39)
50.6	53.3	[48,51)
53.9	52.5	[51,54)
31.9	33.4	[30,33)
41.2	39.5	[39,42)
75	73.8	[75,78)
75	70.6	[75,78)
28.7	33.3	[27,30)
41.2	46.7	[39,42)
62.1	60	[60,63)
46.4	34.7	[45,48)
29.6	31.1	[27,30)
27.5	24.4	[27,30)
24.5	36.8	[24,27)
54.4	54.1	[54,57)
70	63.9	[69,72)
70.7	69.6	[69,72)
53.9	66.7	[51,54)
69.8	72.8	[69,72)
50.5	55.1	[48,51)
36.1	32.2	[36,39)
68.8	64.9	[66,69)
55.6	48.9	[54,57)
57	44.5	[57,60)
41.7	38.6	[39,42)
53.4	49.9	[51,54)
85.2	75.1	[84,87)
74.7	80.9	[72,75)
53.2	51.3	[51,54)
42.8	52.1	[42,45)
67.5	71.2	[66,69)
66.4	72.1	[66,69)
56.1	54	[54,57)
51.5	58.4	[51,54)
26.2	24.5	[24,27)
55.5	52.6	[54,57)
44.5	48.1	[42,45)
48.7	46.5	[48,51)
51	37.5	[51,54)
72.5	64.7	[72,75)
66.5	70.6	[66,69)
69.8	68.6	[69,72)
50.1	51.8	[48,51)
79.7	77.3	[78,81)
26.5	31.6	[24,27)
54	48.5	[54,57)
80.7	72.1	[78,81)
59.1	58.5	[57,60)
69.5	67.7	[69,72)
63.4	70.2	[63,66)
67.9	69.6	[66,69)
33.3	32.8	[33,36)
34.1	44.1	[33,36)
66.2	69.2	[66,69)
57.7	54.6	[57,60)
59.1	54.3	[57,60)
55.5	48.2	[54,57)
58.3	54.6	[57,60)
49.3	67.3	[48,51)
52.8	51.9	[51,54)
42.1	43.7	[42,45)
55.4	65.3	[54,57)
50.3	50.1	[48,51)
36.9	37	[36,39)
54.8	52.1	[54,57)
22.1	35.7	[21,24)
50.6	51.3	[48,51)
58.4	52.3	[57,60)
73.1	75.1	[72,75)
67.3	69.1	[66,69)
33.1	42.3	[33,36)
71.9	71.7	[69,72)
32.2	32.7	[30,33)
35.2	30.5	[33,36)
68.5	64.7	[66,69)
43.2	45.8	[42,45)
28.5	20.7	[27,30)
62	67.5	[60,63)
60.2	66.3	[60,63)
50.8	46.3	[48,51)
57.6	53.9	[57,60)
44.8	50.9	[42,45)
54.5	54.5	[54,57)
48.6	46.8	[48,51)
58.4	54.6	[57,60)
66.9	67.4	[66,69)
69.1	70.4	[69,72)
37.8	35.5	[36,39)
58	58.1	[57,60)
72	72.3	[72,75)
65.5	68.8	[63,66)
38.9	32.2	[36,39)
35.2	30.7	[33,36)
72.7	70.5	[72,75)
35.3	33.5	[33,36)
47.6	55.5	[45,48)
49.8	49	[48,51)
44.2	52.4	[42,45)
52.9	51.7	[51,54)
64.6	64.9	[63,66)
35.7	38.7	[33,36)
57.2	52.2	[57,60)
61.5	57.3	[60,63)
48.2	51.4	[48,51)
46.7	36.1	[45,48)
37.6	35.3	[36,39)
53.4	45.4	[51,54)
24.1	27.4	[24,27)
58.6	56.6	[57,60)
49.7	51.3	[48,51)
56.8	65.2	[54,57)
48.5	42.2	[48,51)
31.4	33.3	[30,33)
35	38.3	[33,36)
52.6	55.6	[51,54)
32.5	37.9	[30,33)
39.9	37.2	[39,42)
71.1	79.9	[69,72)
55.7	57.3	[54,57)
37.5	32.4	[36,39)
58.5	62.2	[57,60)
67.9	72.7	[66,69)
58.8	52	[57,60)
31.8	30.5	[30,33)
35.6	38	[33,36)
79.7	77.3	[78,81)
77.6	72.7	[75,78)
62.7	69.7	[60,63)
74.1	70.6	[72,75)
69.8	77.1	[69,72)
67.7	72.1	[66,69)
44.2	44.5	[42,45)
55	60.4	[54,57)
70.7	73.6	[69,72)
66.7	75	[66,69)
48.2	48.8	[48,51)
44.4	36	[42,45)
42.1	44.1	[42,45)
68.3	76.2	[66,69)
53.2	57.1	[51,54)
62.3	57.8	[60,63)
74.1	73.9	[72,75)
57.2	52.6	[57,60)
74.4	70.6	[72,75)
28.6	33.8	[27,30)
30.7	32.9	[30,33)
54.8	57.7	[54,57)
43.4	41.1	[42,45)
56	57	[54,57)
39.9	34.9	[39,42)
47.6	55.1	[45,48)
66.6	64.2	[66,69)
62.3	64.3	[60,63)
43.8	41.5	[42,45)
41.9	38.2	[39,42)
65.4	74.4	[63,66)
35.9	35.4	[33,36)
54.4	50	[54,57)
55.3	63	[54,57)
51.6	53.3	[51,54)
67.4	72.8	[66,69)
63	59.7	[63,66)
51.9	47.9	[51,54)
67	69.4	[66,69)
67.1	72.7	[66,69)
67.4	66.5	[66,69)
44.3	56.3	[42,45)
30.3	35.5	[30,33)
74.3	72.4	[72,75)
64.2	51.6	[63,66)
69.8	70.9	[69,72)
64	75	[63,66)
38.6	48.3	[36,39)
44.1	37.2	[42,45)
56.1	69.1	[54,57)
51.6	51.6	[51,54)
77.7	72.5	[75,78)
26.7	23.1	[24,27)
50.2	48	[48,51)
41	50.1	[39,42)
48.7	48.3	[48,51)
35.7	35	[33,36)
54.7	47.9	[54,57)
54.9	46.4	[54,57)
45.2	45.5	[45,48)
75	71.2	[75,78)
54.6	58.2	[54,57)
72.6	71.3	[72,75)
60.2	54.2	[60,63)
75.2	75.2	[75,78)
57.7	57.7	[57,60)
69.2	72.5	[69,72)
32.6	27.2	[30,33)
81.9	71.4	[81,84)
61.6	59.6	[60,63)
75.4	73.9	[75,78)
55.9	52.6	[54,57)
70.8	72.4	[69,72)
55	57.9	[54,57)
72.8	73.4	[72,75)
59.9	46.2	[57,60)
42.7	55.5	[42,45)
75.6	76.5	[75,78)
19	20.9	[18,21)
63.6	64.7	[63,66)
50.3	48.9	[48,51)
50.7	51.8	[48,51)
65.8	75.8	[63,66)
51.4	54.9	[51,54)
67.2	68.5	[66,69)
57.9	61.7	[57,60)
45.5	44.7	[45,48)
40.6	42	[39,42)
70.4	61.8	[69,72)
42.5	43	[42,45)
60.5	65	[60,63)
71.7	70.7	[69,72)
34.3	35.3	[33,36)
53.1	46	[51,54)
33.3	32.8	[33,36)
65.2	69.4	[63,66)
60.7	59.6	[60,63)
77	66.3	[75,78)
47.6	46.3	[45,48)
55.9	58	[54,57)
54.4	48	[54,57)
57.4	63.9	[57,60)
32.8	38.3	[30,33)
35.6	49	[33,36)
49.9	51.7	[48,51)
78.8	81.5	[78,81)
50.8	51.4	[48,51)
40.9	46.4	[39,42)
37.3	38	[36,39)
52	50.1	[51,54)
31.7	47.9	[30,33)
52.2	47.2	[51,54)
49.4	53.4	[48,51)
73.6	68.6	[72,75)
51.1	53.5	[51,54)
65.2	63.7	[63,66)
45.8	40.1	[45,48)
38.6	37.3	[36,39)
64.6	70.9	[63,66)
72.3	66.7	[72,75)
63.8	65.1	[63,66)
56.4	52.7	[54,57)
31.2	33	[30,33)
54.8	55.1	[54,57)
60.1	65.4	[60,63)
44	42.8	[42,45)
66.1	68.2	[66,69)
78.3	71	[78,81)
37.8	34.1	[36,39)
73.8	70.7	[72,75)
62.5	70	[60,63)
69.4	64.6	[69,72)
35.8	32.7	[33,36)
60.7	49.9	[60,63)
65.1	58.8	[63,66)
41.3	39.1	[39,42)
47.4	39.8	[45,48)
35.6	37.9	[33,36)
54	53.5	[54,57)
76.4	67.9	[75,78)
68.3	66.1	[66,69)
50.8	58.3	[48,51)
41.7	41.7	[39,42)
25	22.9	[24,27)
56.4	54.3	[54,57)
24.8	25.6	[24,27)
53.1	48.9	[51,54)
41.8	44	[39,42)
58.5	38.7	[57,60)
49.6	47.8	[48,51)
62.7	70.6	[60,63)
64.6	57.3	[63,66)
70.5	74	[69,72)
78.3	80.8	[78,81)
44.2	54.2	[42,45)
36.8	36.4	[36,39)
42.5	40.1	[42,45)
31.3	33.3	[30,33)
35.5	40.9	[33,36)
42.7	42.6	[42,45)
45.7	45.8	[45,48)
64.9	68.7	[63,66)
59.6	53.8	[57,60)
56.8	52.3	[54,57)
54.1	50.9	[54,57)
72.2	69.1	[72,75)
58.6	51.5	[57,60)
57.6	62.7	[57,60)
72.1	67.8	[72,75)
32.4	34.8	[30,33)
43.2	41.3	[42,45)
72	70.4	[72,75)
39.9	42.5	[39,42)
44.8	39.3	[42,45)
43.9	40.7	[42,45)
69.7	70.3	[69,72)
22.9	33.8	[21,24)
63.9	64.8	[63,66)
65.9	68.6	[63,66)
70.4	69.5	[69,72)
52.1	46	[51,54)
24.2	29.6	[24,27)
74.4	73.1	[72,75)
41.3	40.7	[39,42)
37	31.3	[36,39)
44.6	43.9	[42,45)
53.6	51.2	[51,54)
47.2	37.4	[45,48)
31.9	36.7	[30,33)
33.1	36.2	[33,36)
24.2	24.7	[24,27)
43.8	38	[42,45)
71.7	70.4	[69,72)
49.5	56.3	[48,51)
64.7	67.2	[63,66)
51.7	58.7	[51,54)
51.4	48.4	[51,54)
59.6	60.4	[57,60)
30.7	37.3	[30,33)
43.3	45.4	[42,45)
72	74.4	[72,75)
59.1	59.7	[57,60)
66	67.9	[66,69)
50.2	49.4	[48,51)
44.7	44.2	[42,45)
64.4	63.9	[63,66)
71.7	68.8	[69,72)
59.7	60.4	[57,60)
73.9	75.3	[72,75)
30.6	38	[30,33)
52	54.7	[51,54)
82.4	74.1	[81,84)
57.1	63.7	[57,60)
59	50.3	[57,60)
44.3	40.7	[42,45)
64.4	71	[63,66)
69.1	68.9	[69,72)
57.3	48.9	[57,60)
26.9	22.8	[24,27)
59	60.3	[57,60)
47.6	42.9	[45,48)
46.4	50.1	[45,48)
43.3	44.2	[42,45)
21.3	22.1	[21,24)
52.9	61.6	[51,54)
32.5	30.3	[30,33)
43.2	37.5	[42,45)
55.2	50.5	[54,57)
32.9	43.4	[30,33)
66	77.5	[66,69)
61.4	66.4	[60,63)
74	69.6	[72,75)
25.5	36.1	[24,27)
58	55.3	[57,60)
61.8	61.3	[60,63)
74.2	68.8	[72,75)
36.8	34.2	[36,39)
28.4	32	[27,30)
73.2	75.9	[72,75)
68.4	61.4	[66,69)
35.6	39.4	[33,36)
36.2	33.9	[36,39)
39.9	35.4	[39,42)
47	48.1	[45,48)
50.1	53.5	[48,51)
62.3	67.5	[60,63)
49.7	51.3	[48,51)
70.5	72.1	[69,72)
64.2	77	[63,66)
36.4	30.7	[36,39)
44.8	59.9	[42,45)
47.9	53	[45,48)
41.3	41	[39,42)
74	69.9	[72,75)
41.9	44.8	[39,42)
23.7	26	[21,24)
73.7	67	[72,75)
23.1	23.8	[21,24)
43.2	34.6	[42,45)
23.3	25.8	[21,24)
33.9	32.3	[33,36)
69.6	67.8	[69,72)
43.7	39.9	[42,45)
74	74.3	[72,75)
41.9	44.8	[39,42)
42.1	50.5	[42,45)
30.7	26.1	[30,33)
41.7	38	[39,42)
62.6	48.2	[60,63)
61.9	68.5	[60,63)
46	47.3	[45,48)
49.9	59.2	[48,51)
19.4	23.3	[18,21)
60	63.1	[60,63)
58.9	73.2	[57,60)
39.4	38.3	[39,42)
31	22.4	[30,33)
37.1	32.6	[36,39)
71.8	71	[69,72)
69.5	75.5	[69,72)
70.8	73.3	[69,72)
47	46.7	[45,48)
53.1	55.4	[51,54)
37.9	41.9	[36,39)
74.1	71.6	[72,75)
68.2	76.2	[66,69)
46.6	46.8	[45,48)
66.6	72.3	[66,69)
56.8	57.1	[54,57)
54.9	57.9	[54,57)
75.7	68.4	[75,78)
55	71.3	[54,57)
59.2	49.9	[57,60)
70.5	66	[69,72)
46.9	36.7	[45,48)
69.2	70	[69,72)
43	43.7	[42,45)
67.7	65.3	[66,69)
71.5	73.8	[69,72)
52.3	48.7	[51,54)
66.3	70.3	[66,69)
66.6	64.5	[66,69)
56.3	50.8	[54,57)
55.9	55.8	[54,57)
49.2	53.7	[48,51)
52.3	48.7	[51,54)
74.2	71.6	[72,75)
51.6	44.8	[51,54)
74.6	69.9	[72,75)
63	68.7	[63,66)
44.3	42.9	[42,45)
42.5	53.5	[42,45)
40.9	41.3	[39,42)
37.8	42.3	[36,39)
55.7	47.4	[54,57)
59.5	66.7	[57,60)
56.7	59.6	[54,57)
70.1	76	[69,72)
34.8	36.6	[33,36)
42.7	45.3	[42,45)
69.6	69.7	[69,72)
72.9	69.6	[72,75)
63	77.7	[63,66)
59.4	61.7	[57,60)
43.2	48.2	[42,45)
55.9	65	[54,57)
20.6	22.3	[18,21)
42	37.9	[42,45)
63.7	59	[63,66)
34.8	29	[33,36)
37.1	34.4	[36,39)
26.5	25.9	[24,27)
36.9	37.5	[36,39)
64.4	63.5	[63,66)
47.6	37.5	[45,48)
67.1	74.6	[66,69)
39.2	47.2	[39,42)
75	67.3	[75,78)
48.7	49.8	[48,51)
34.6	27.4	[33,36)
71	69.4	[69,72)
58.4	54.6	[57,60)
38.8	48.1	[36,39)
50.4	55	[48,51)
49.1	47.6	[48,51)
41.1	35.2	[39,42)
72.8	75.9	[72,75)
73.8	81.3	[72,75)
46.4	44.3	[45,48)
26.3	34	[24,27)
35.9	37.3	[33,36)
70.5	63.8	[69,72)
46.2	54.3	[45,48)
39.5	33	[39,42)
69.7	70.2	[69,72)
45	48.8	[45,48)
47.4	41.9	[45,48)
51.6	51.7	[51,54)
40.9	40.1	[39,42)
35.1	36.2	[33,36)
42.2	50.9	[42,45)
70.3	68.8	[69,72)
55.8	54.3	[54,57)
48.8	43.4	[48,51)
51.3	47.6	[51,54)
52.4	42.4	[51,54)
20	20.8	[18,21)
38.9	40.5	[36,39)
50.2	49.3	[48,51)
36.5	34.6	[36,39)
44.7	46.5	[42,45)
63.1	61.3	[63,66)
68.7	66.1	[66,69)
21.8	24.5	[21,24)
42.6	43.4	[42,45)
39.7	41	[39,42)
69.6	62.5	[69,72)
34.4	33.6	[33,36)
42	42.1	[42,45)
48.5	42	[48,51)
53.1	53.1	[51,54)
55.9	53.8	[54,57)
57.2	65.8	[57,60)
62.4	75.4	[60,63)
50.6	49.2	[48,51)
53.4	48.1	[51,54)
46.1	46.7	[45,48)
28.3	29	[27,30)
61.7	51	[60,63)
68.3	63.4	[66,69)
30.7	31.3	[30,33)
37.1	42.9	[36,39)
63.8	63.9	[63,66)
39.5	32	[39,42)
67	73.7	[66,69)
58.8	63.1	[57,60)
64.4	66.1	[63,66)
44	51	[42,45)
62.5	69.5	[60,63)
29.9	33.2	[27,30)
49	43.7	[48,51)
44.4	54.1	[42,45)
71.8	71	[69,72)
65.7	72.2	[63,66)
65.4	71.3	[63,66)
40.1	31	[39,42)
51.9	50.7	[51,54)
50.6	47.5	[48,51)
48	48.1	[48,51)
51.6	51.6	[51,54)
37.5	32.8	[36,39)
56.2	53.1	[54,57)
37	34.6	[36,39)
26.4	28.3	[24,27)
73.1	69.2	[72,75)
39.2	33.2	[39,42)
74.4	68.8	[72,75)
51	52.6	[51,54)
70.9	71.1	[69,72)
28.3	38.9	[27,30)
77.8	70.5	[75,78)
39.4	37.9	[39,42)
68.5	70.5	[66,69)
67.9	70.1	[66,69)
75	74	[75,78)
65.2	72.1	[63,66)
81.3	76.2	[81,84)
51.2	48	[51,54)
67.3	74.1	[66,69)
51.3	48.5	[51,54)
55	66.5	[54,57)
61.6	65	[60,63)
51.7	49.9	[51,54)
41.2	39.3	[39,42)
68.5	72.4	[66,69)
57.4	62.3	[57,60)
67	69.3	[66,69)
48.5	47.2	[48,51)
32.6	29.4	[30,33)
72.6	68.2	[72,75)
52	54.5	[51,54)
42.8	37.5	[42,45)
74	71	[72,75)
77.4	73.1	[75,78)
65	64.6	[63,66)
49.1	47	[48,51)
35	33.3	[33,36)
43.7	34.6	[42,45)
42.7	39	[42,45)
38	27.7	[36,39)
42.8	37.4	[42,45)
57.8	53.2	[57,60)
67.2	69.3	[66,69)
40.8	42	[39,42)
35.7	34.4	[33,36)
47.2	49.5	[45,48)
65.1	68.1	[63,66)
54.2	61.5	[54,57)
53.2	56	[51,54)
54.1	50.8	[54,57)
43.3	40	[42,45)
39.6	32.6	[39,42)
68.9	52.2	[66,69)
53	51.3	[51,54)
55.6	58	[54,57)
67.3	56.4	[66,69)
62.6	49.9	[60,63)
66.9	68.8	[66,69)
31.3	28.5	[30,33)
63.9	63	[63,66)
48.7	53.1	[48,51)
33.6	33.1	[33,36)
52	57.7	[51,54)
36.5	34.2	[36,39)
70.6	68.5	[69,72)
26.9	28.3	[24,27)
73.7	68.9	[72,75)
58.1	65.3	[57,60)
31.7	32.2	[30,33)
60.1	64.6	[60,63)
61.7	60.6	[60,63)
66.3	56.3	[66,69)
30.9	28.1	[30,33)
59.8	59.1	[57,60)
75.6	70.8	[75,78)
51.8	51.3	[51,54)
32.5	34.4	[30,33)
61.2	57	[60,63)
50.3	47.2	[48,51)
72.8	73.6	[72,75)
71.8	66.4	[69,72)
43.6	43.6	[42,45)
47.8	44.3	[45,48)
32	33.9	[30,33)
26.4	32.1	[24,27)
42.2	35.9	[42,45)
45.9	49.1	[45,48)
65.6	68.9	[63,66)
38.9	41.7	[36,39)
62.6	63.4	[60,63)
52.2	50.6	[51,54)
52.9	51.4	[51,54)
73.7	72.3	[72,75)
65.8	68.6	[63,66)
31.5	44.9	[30,33)
45.9	47.5	[45,48)
66.8	67.8	[66,69)
40.3	39.2	[39,42)
76.4	71.5	[75,78)
35.6	50.2	[33,36)
69.3	66.2	[69,72)
69.4	74.3	[69,72)
41.4	35.7	[39,42)
57.6	54.1	[57,60)
38.2	38.7	[36,39)
48.4	44.1	[48,51)
55	54.1	[54,57)
64.9	65.4	[63,66)
51.4	44.4	[51,54)
42.1	48.7	[42,45)
56.9	57.1	[54,57)
62.2	56.1	[60,63)
57.1	66.2	[57,60)
60.1	56.4	[60,63)
66.3	71.1	[66,69)
69.4	65.4	[69,72)
73.3	66.3	[72,75)
31.7	31	[30,33)
33.7	38.7	[33,36)
77.6	66.1	[75,78)
29.4	33	[27,30)
51.3	56.2	[51,54)
43	50.4	[42,45)
29	30	[27,30)
40.3	42.2	[39,42)
50.2	63.5	[48,51)
58.4	63.7	[57,60)
48.5	52.3	[48,51)
52.4	63	[51,54)
53.6	54.6	[51,54)
29.4	31.1	[27,30)
57.1	52.8	[57,60)
28.3	32.5	[27,30)
66.8	73	[66,69)
57.8	60.3	[57,60)
26.3	31.1	[24,27)
50.7	51.2	[48,51)
65.8	69.9	[63,66)
24.2	27.7	[24,27)
75.3	79.7	[75,78)
76.2	67.3	[75,78)
66.7	67.1	[66,69)
74.4	65.2	[72,75)
64.8	67.4	[63,66)
42.7	36.3	[42,45)
60.9	60.7	[60,63)
50	60.3	[48,51)
69.8	69.3	[69,72)
78	71.3	[78,81)
52	49.2	[51,54)
53.3	61.1	[51,54)
64.7	69.1	[63,66)
29.6	30.3	[27,30)
72.8	67.9	[72,75)
62.4	58.5	[60,63)
30.1	31.3	[30,33)
70.2	72.8	[69,72)
34.2	37.3	[33,36)
35.1	39	[33,36)
51.1	48.2	[51,54)
63.3	72	[63,66)
70.4	66.5	[69,72)
71.2	65.9	[69,72)
58.8	62.2	[57,60)
35	30.9	[33,36)
62.6	66.1	[60,63)
19	29.1	[18,21)
72.5	68.3	[72,75)
37.2	39.4	[36,39)
32	33.3	[30,33)
62.8	63.7	[60,63)
74.3	71.4	[72,75)
49.6	57	[48,51)
56.4	52.7	[54,57)
50.8	52.9	[48,51)
73.4	64.9	[72,75)
45.5	49.7	[45,48)
72.5	73	[72,75)
50.5	52.4	[48,51)
77.1	74.6	[75,78)
67.7	60.8	[66,69)
55.1	45.3	[54,57)
47.3	48	[45,48)
34.7	35.5	[33,36)
37.3	29.3	[36,39)
30.6	30.1	[30,33)
59.2	61.7	[57,60)
53.9	59.3	[51,54)
37.5	33	[36,39)
47.2	44.2	[45,48)
73.9	74.2	[72,75)
73.3	79.3	[72,75)
30.7	28.8	[30,33)
67.8	73.6	[66,69)
65	69.2	[63,66)
65.7	67.4	[63,66)
54.9	43.8	[54,57)
64.8	68.4	[63,66)
49.7	60.2	[48,51)
64.1	57.3	[63,66)
46.2	55.8	[45,48)
46.5	33.3	[45,48)
30.9	33.9	[30,33)
51.2	53.8	[51,54)
72	75.1	[72,75)
50.1	57.9	[48,51)
27.5	30	[27,30)
65	68.8	[63,66)
37.5	34.2	[36,39)
43.4	38.5	[42,45)
36.9	35.9	[36,39)
56.5	58	[54,57)
57.5	50.8	[57,60)
56.3	54.2	[54,57)
55.9	59	[54,57)
58.7	61.1	[57,60)
48.1	46.6	[48,51)
68.1	68.9	[66,69)
39.5	41.7	[39,42)
35.9	38.7	[33,36)
27	31.4	[27,30)
74.6	77	[72,75)
43.9	28.1	[42,45)
44.7	49.5	[42,45)
81.5	70.9	[81,84)
27.8	27.3	[27,30)
37.6	37.4	[36,39)
71.3	67.4	[69,72)
34.1	33.8	[33,36)
63.7	64.3	[63,66)
30	27.6	[30,33)
66.9	67.7	[66,69)
64.9	73.9	[63,66)
57.6	62.9	[57,60)
77.6	73	[75,78)
54.4	62.9	[54,57)
50.9	51.2	[48,51)
66.7	62.2	[66,69)
74.3	73.6	[72,75)
42.4	36	[42,45)
39.5	43.7	[39,42)
51.2	39.5	[51,54)
56	57.5	[54,57)
38.3	34.2	[36,39)
30.9	37.9	[30,33)
53.8	53.4	[51,54)
33.5	42.9	[33,36)
75.5	65.3	[75,78)
52.6	48.4	[51,54)
54.2	53.8	[54,57)
65.8	69.4	[63,66)
32.6	38.2	[30,33)
78.6	70.8	[78,81)
66.2	63.5	[66,69)
37.4	36	[36,39)
55.6	68.1	[54,57)
45.3	51.3	[45,48)
74.5	70	[72,75)
54.7	52.3	[54,57)
60.1	51.9	[60,63)
23.2	30.9	[21,24)
46.1	48.1	[45,48)
43.5	51.1	[42,45)
21.7	27.7	[21,24)
35.2	32.9	[33,36)
52.5	46.8	[51,54)
53.8	49.3	[51,54)
38.5	39.5	[36,39)
31.2	33.6	[30,33)
56.2	50.6	[54,57)
64	53.9	[63,66)
61.7	63.6	[60,63)
67.2	67	[66,69)
77.3	74.3	[75,78)
26.5	37	[24,27)
49.6	56.6	[48,51)
54.9	39.4	[54,57)
44.4	41.5	[42,45)
45.9	48.9	[45,48)
62.8	68.7	[60,63)
35.3	33.4	[33,36)
48.5	50.5	[48,51)
76.2	72.6	[75,78)
54.4	56.5	[54,57)
64.2	66	[63,66)
39.3	31.6	[39,42)
68.9	67.9	[66,69)
64.4	69.2	[63,66)
71.5	77.1	[69,72)
46.2	43.7	[45,48)
51.5	53.3	[51,54)
60.6	47.6	[60,63)
51.5	55.5	[51,54)
41.9	45.4	[39,42)
33.3	34.1	[33,36)
53	51	[51,54)
66.3	53.3	[66,69)
72.9	69.8	[72,75)
50	49.7	[48,51)
63.2	73.5	[63,66)
71.2	72.3	[69,72)
51	65.5	[51,54)
53.5	53.4	[51,54)
52.4	51.4	[51,54)
68.6	67.5	[66,69)
62.6	63.4	[60,63)
46.6	44.8	[45,48)
46.9	52.1	[45,48)
70.8	65.8	[69,72)
80	71.1	[78,81)
52	59	[51,54)
47.1	59	[45,48)
66.6	71.8	[66,69)
32.6	31.3	[30,33)
47	49.2	[45,48)
61.9	66.5	[60,63)
53	53.1	[51,54)
53.8	52	[51,54)
49.2	51.3	[48,51)
57.3	61.1	[57,60)
70.1	65.9	[69,72)
57.1	61.4	[57,60)
78.2	80.9	[78,81)
36.1	48	[36,39)
44.4	49.4	[42,45)
54.6	50.2	[54,57)
47.7	48.9	[45,48)
33.7	30.7	[33,36)
75	71.2	[75,78)
71.2	72.6	[69,72)
58.8	54.2	[57,60)
32.6	29.4	[30,33)
39.1	27.9	[39,42)
63	57.6	[63,66)
58.4	68.8	[57,60)
80	79.1	[78,81)
73.5	72.8	[72,75)
50.9	53.9	[48,51)
61.5	64.9	[60,63)
55.4	49.4	[54,57)
49.7	49.6	[48,51)
46	48	[45,48)
56.4	62	[54,57)
57.9	48.5	[57,60)
50.6	52	[48,51)
36.8	37.7	[36,39)
44	52.2	[42,45)
28.9	28.7	[27,30)
74.9	76.6	[72,75)
43.2	42	[42,45)
51	54.6	[51,54)
65.7	62.1	[63,66)
53	56.2	[51,54)
77.7	73.5	[75,78)
40	34.6	[39,42)
56.9	55.6	[54,57)
72.9	72.3	[72,75)
35.2	35.7	[33,36)
50	59.7	[48,51)
31.1	42.6	[30,33)
38.3	38.1	[36,39)
54.8	55.6	[54,57)
56.7	53.7	[54,57)
45.5	47.5	[45,48)
43.3	42.1	[42,45)
33.7	30.8	[33,36)
57.7	47.6	[57,60)
48.6	44.3	[48,51)
41.1	36	[39,42)
35.2	31.9	[33,36)
46	46.4	[45,48)
54.1	57.2	[54,57)
53.2	47.8	[51,54)
64.4	65.4	[63,66)
52.4	46	[51,54)
49.5	41.7	[48,51)
61.7	64.6	[60,63)
67.9	66.1	[66,69)
47.3	52.8	[45,48)
60.3	55.9	[60,63)
53.8	57.7	[51,54)
43.1	48.4	[42,45)
44.7	42.6	[42,45)
31.6	35.8	[30,33)
56.8	62.1	[54,57)
29.2	34.4	[27,30)
37.4	44.9	[36,39)
51.3	54	[51,54)
34.6	36.2	[33,36)
70	75.9	[69,72)
30.2	29.2	[30,33)
53.9	55	[51,54)
29.7	37.4	[27,30)
49.4	59.2	[48,51)
49.2	58.9	[48,51)
78.1	73.6	[78,81)
46.6	44.7	[45,48)
55.5	57.2	[54,57)
64.3	56.8	[63,66)
46.3	37.1	[45,48)
60.7	63.5	[60,63)
30.5	32.8	[30,33)
36.1	38	[36,39)
67.2	63.4	[66,69)
31.1	39.9	[30,33)
54.5	53.2	[54,57)
47.8	54.6	[45,48)
69.9	71.6	[69,72)
45.2	42.7	[45,48)
39.5	45	[39,42)
54.2	54.3	[54,57)
74.9	70.8	[72,75)
44.7	49	[42,45)
73.7	74.4	[72,75)
52.3	59.3	[51,54)
47.3	45.4	[45,48)
49	49.8	[48,51)
48.9	49.9	[48,51)
49.7	45.2	[48,51)
