CA	organ_age	Age_group
31.4	29.6	[30,33)
64.6	62.7	[63,66)
72.8	65.5	[72,75)
74.9	67.7	[72,75)
48.4	47.8	[48,51)
36.1	37.6	[36,39)
31.4	32.1	[30,33)
64.6	60.2	[63,66)
46	48.7	[45,48)
50.1	46.5	[48,51)
54.7	56.8	[54,57)
67.6	72.5	[66,69)
70.8	72.6	[69,72)
51.3	53.8	[51,54)
64.8	71.1	[63,66)
61.7	61.2	[60,63)
53.6	43.8	[51,54)
62	64.9	[60,63)
67.5	70.4	[66,69)
53.3	53.1	[51,54)
69	69.1	[69,72)
51.5	51.1	[51,54)
41.9	47.3	[39,42)
44.2	53	[42,45)
34.8	30.9	[33,36)
35.4	28.6	[33,36)
61.5	64.6	[60,63)
77.5	72.1	[75,78)
43.4	51.5	[42,45)
34.2	45.1	[33,36)
28.5	30	[27,30)
67.4	70.9	[66,69)
73.8	75.1	[72,75)
50.2	47.7	[48,51)
24	28.5	[24,27)
30.9	32.6	[30,33)
51.6	44.1	[51,54)
40.4	39.3	[39,42)
37.5	26.1	[36,39)
34.1	37.4	[33,36)
32.7	33.5	[30,33)
55.8	54.3	[54,57)
48.5	46.1	[48,51)
23.8	20.2	[21,24)
43.1	48.6	[42,45)
59.6	67.6	[57,60)
63.6	66.8	[63,66)
49.5	46.3	[48,51)
77.4	73.9	[75,78)
65.7	63.7	[63,66)
38.4	40.7	[36,39)
39.4	32.8	[39,42)
29	30.6	[27,30)
63.7	70.7	[63,66)
41.9	44.2	[39,42)
38.3	26.4	[36,39)
52.4	46.8	[51,54)
71.5	67.2	[69,72)
33	36.5	[33,36)
75.3	74	[75,78)
41.2	49.6	[39,42)
63.8	61.6	[63,66)
70.7	71.3	[69,72)
76	73.8	[75,78)
68.7	60.5	[66,69)
39.3	38.5	[39,42)
51.9	45	[51,54)
49.5	61.6	[48,51)
57.6	51	[57,60)
57.8	58.1	[57,60)
54	69.6	[54,57)
34.3	38.7	[33,36)
41.6	46.3	[39,42)
20.3	26.3	[18,21)
38.1	34	[36,39)
47	48.5	[45,48)
28.7	35.7	[27,30)
43.8	50.6	[42,45)
64.6	70.3	[63,66)
71.4	72.1	[69,72)
49.3	57.8	[48,51)
68.5	65.4	[66,69)
30.8	22.6	[30,33)
26.7	33.9	[24,27)
32.3	36.8	[30,33)
51.7	48.4	[51,54)
54.5	50.1	[54,57)
68.5	65.3	[66,69)
71.4	67.7	[69,72)
73.1	70.8	[72,75)
69.1	72.1	[69,72)
45.8	45.9	[45,48)
53.7	39.7	[51,54)
66.9	61.5	[66,69)
48.5	54.2	[48,51)
68	73.3	[66,69)
61.9	65.3	[60,63)
68.1	75.5	[66,69)
69.9	71.6	[69,72)
50.4	46.8	[48,51)
27.5	33.7	[27,30)
43.2	41.8	[42,45)
78.7	76.1	[78,81)
29.4	28.7	[27,30)
55.2	59.4	[54,57)
57.5	63.5	[57,60)
34	34.7	[33,36)
34.2	29.1	[33,36)
74.1	72.5	[72,75)
43.3	32.4	[42,45)
18.2	23.2	[18,21)
69.3	74.8	[69,72)
73.5	74	[72,75)
25.5	29.4	[24,27)
56.3	56.8	[54,57)
60.1	61.2	[60,63)
60.8	62.5	[60,63)
46.6	41.3	[45,48)
24	23.9	[24,27)
60.5	48.1	[60,63)
36.1	38.3	[36,39)
72.4	72.3	[72,75)
55.7	42.9	[54,57)
68.7	71.1	[66,69)
55.5	48.7	[54,57)
35	35.8	[33,36)
68	64.3	[66,69)
73.3	64.8	[72,75)
46.9	55.5	[45,48)
70.7	76.6	[69,72)
49.9	56.2	[48,51)
43.5	37.4	[42,45)
61.4	52.4	[60,63)
56.8	59.8	[54,57)
47	53.5	[45,48)
60.5	68.2	[60,63)
38.8	33.8	[36,39)
59.4	49.3	[57,60)
68.5	70.4	[66,69)
54.4	50.7	[54,57)
79.5	75.8	[78,81)
35.3	32	[33,36)
33.6	37.6	[33,36)
51.7	49.8	[51,54)
69.7	71	[69,72)
43.3	45.2	[42,45)
58.9	69	[57,60)
63.9	64.1	[63,66)
43.9	46.2	[42,45)
45.2	46.2	[45,48)
35.5	33.7	[33,36)
51.2	46.9	[51,54)
51.2	69.3	[51,54)
56	53.6	[54,57)
47.5	47.4	[45,48)
46.5	45.4	[45,48)
71.2	77.7	[69,72)
38.1	30.5	[36,39)
71.5	70.1	[69,72)
64.8	61.1	[63,66)
78	80.5	[78,81)
62.3	59.6	[60,63)
50.2	52.6	[48,51)
51.7	58.4	[51,54)
38.4	37.3	[36,39)
38.1	33.7	[36,39)
51.2	47.4	[51,54)
56	60.6	[54,57)
34.4	41.6	[33,36)
65.7	65.7	[63,66)
37.8	36	[36,39)
69.8	68.4	[69,72)
76.4	69.7	[75,78)
63.7	64.8	[63,66)
76	72.5	[75,78)
53.3	68	[51,54)
28.2	26.2	[27,30)
69.9	68.8	[69,72)
56.8	50.5	[54,57)
67.3	67.8	[66,69)
54.2	54	[54,57)
57.5	62.7	[57,60)
43	42.8	[42,45)
67.4	68.4	[66,69)
47.3	48	[45,48)
67.6	76	[66,69)
47.2	40.5	[45,48)
44	38.6	[42,45)
76	75.1	[75,78)
51.4	49.3	[51,54)
58.4	62.3	[57,60)
51.7	47.3	[51,54)
65.9	68.5	[63,66)
43.1	50.2	[42,45)
39.2	44.4	[39,42)
68.3	64	[66,69)
62	60.9	[60,63)
67.3	64.7	[66,69)
50.3	44.5	[48,51)
52.6	51.5	[51,54)
36	37.4	[36,39)
52	49.1	[51,54)
35.8	43.5	[33,36)
59	62.7	[57,60)
44.2	42.7	[42,45)
53.1	49.7	[51,54)
55.8	55.6	[54,57)
42.6	44.2	[42,45)
56.5	67.5	[54,57)
74.6	72.8	[72,75)
56.6	60	[54,57)
57.1	67.5	[57,60)
59.3	52	[57,60)
37.8	40.8	[36,39)
76.7	76.4	[75,78)
39.6	37.7	[39,42)
60.2	65.7	[60,63)
70	71.7	[69,72)
70.6	71.8	[69,72)
72.5	70.7	[72,75)
66	55.4	[66,69)
53.5	54.1	[51,54)
56.1	54.9	[54,57)
51.4	55.4	[51,54)
52.3	50.7	[51,54)
58.7	54.8	[57,60)
54.1	51.9	[54,57)
47.1	50.1	[45,48)
51.3	52.5	[51,54)
57.3	60.4	[57,60)
40.2	43.9	[39,42)
48.1	51.6	[48,51)
78.3	68.6	[78,81)
62	63	[60,63)
51.5	56	[51,54)
71.4	67.5	[69,72)
22	40.5	[21,24)
61.9	73.8	[60,63)
50.2	52.5	[48,51)
55.8	51.1	[54,57)
43.8	44.3	[42,45)
55.1	56.3	[54,57)
77	72.8	[75,78)
32.3	28.9	[30,33)
59.3	62.8	[57,60)
49.7	52.2	[48,51)
66.3	66.3	[66,69)
44.1	46.7	[42,45)
39.1	37.7	[39,42)
49.9	43	[48,51)
62.4	60.4	[60,63)
62.2	67	[60,63)
57.5	53.1	[57,60)
49.6	49.7	[48,51)
33.7	33.5	[33,36)
44.3	41.3	[42,45)
53.9	52.3	[51,54)
68.6	72.4	[66,69)
68.9	68.4	[66,69)
49.4	45.8	[48,51)
55.6	50.1	[54,57)
63.6	59.6	[63,66)
44	52.9	[42,45)
65.4	70.7	[63,66)
28.7	37.2	[27,30)
41.2	36.6	[39,42)
28.6	36.5	[27,30)
61.1	63.9	[60,63)
39.8	51.4	[39,42)
50.4	47.9	[48,51)
59.2	54	[57,60)
34.1	32.8	[33,36)
51.2	57.3	[51,54)
57	52	[57,60)
69.8	69	[69,72)
57	52.6	[57,60)
65.4	65.7	[63,66)
60.7	59.5	[60,63)
70.3	75.3	[69,72)
41.5	42.7	[39,42)
34.4	41.7	[33,36)
33.4	31.2	[33,36)
65.4	67.3	[63,66)
56.1	57.6	[54,57)
72.5	73.8	[72,75)
40.5	47.8	[39,42)
75.5	74.4	[75,78)
33.7	28.2	[33,36)
34.1	30.9	[33,36)
65.9	67	[63,66)
63.6	68.2	[63,66)
63.3	67.2	[63,66)
26.1	23.7	[24,27)
34.1	37.4	[33,36)
47.3	53.5	[45,48)
79.5	81.4	[78,81)
72.9	69.6	[72,75)
34.4	39.1	[33,36)
58	50	[57,60)
27.2	23.8	[27,30)
74.1	70.7	[72,75)
40	43.4	[39,42)
62.2	63.2	[60,63)
50.1	55.7	[48,51)
63.7	52.4	[63,66)
33.6	30.2	[33,36)
44	37.9	[42,45)
44	46	[42,45)
71.1	70	[69,72)
50.3	51.7	[48,51)
49.6	48	[48,51)
25.1	21.5	[24,27)
53.4	36.8	[51,54)
36.5	31.8	[36,39)
41.2	33.4	[39,42)
35	38.4	[33,36)
33.5	41.4	[33,36)
62	70.9	[60,63)
62.8	58	[60,63)
52.5	56.1	[51,54)
30.6	24.3	[30,33)
71	67.8	[69,72)
72.2	71.5	[72,75)
42.3	35.8	[42,45)
46.4	44.2	[45,48)
63.6	68.8	[63,66)
51.1	53.1	[51,54)
61.4	62.5	[60,63)
51.3	46.8	[51,54)
36.8	38.9	[36,39)
65.5	65.7	[63,66)
39.4	37.1	[39,42)
64.1	65.8	[63,66)
70.9	73.5	[69,72)
67.3	74.1	[66,69)
75.6	71.9	[75,78)
50	60.2	[48,51)
67.6	74.2	[66,69)
61.5	72.5	[60,63)
55.2	52.3	[54,57)
49.2	55.8	[48,51)
23.3	38.6	[21,24)
70.9	74.4	[69,72)
40	42.6	[39,42)
37.6	32.7	[36,39)
34.7	32.5	[33,36)
73.8	71.4	[72,75)
48.8	48.1	[48,51)
46.5	51.8	[45,48)
30.2	38.3	[30,33)
73.8	72.7	[72,75)
63.4	64.2	[63,66)
42.5	52.6	[42,45)
23.9	26.1	[21,24)
38.6	46.6	[36,39)
40.6	46.6	[39,42)
46.9	49.6	[45,48)
57.5	65.6	[57,60)
57.8	62.4	[57,60)
50	48.9	[48,51)
24.1	29.8	[24,27)
78.8	74.1	[78,81)
49.1	52.2	[48,51)
45.6	49.4	[45,48)
44.3	37.3	[42,45)
39.9	37.4	[39,42)
56.6	55.9	[54,57)
72.6	73.4	[72,75)
29.7	33.9	[27,30)
58.2	55.5	[57,60)
44.2	30.1	[42,45)
50.6	48.8	[48,51)
54.3	46.4	[54,57)
70.1	68.3	[69,72)
34.9	34.3	[33,36)
52.7	58.3	[51,54)
81.8	74.6	[81,84)
47.3	42.4	[45,48)
36.3	34.8	[36,39)
46.6	48.8	[45,48)
64.3	72.8	[63,66)
55	53.1	[54,57)
47.7	51	[45,48)
70.8	64.6	[69,72)
38.1	45	[36,39)
55.4	64.6	[54,57)
72.3	67.7	[72,75)
42.3	40.7	[42,45)
46.4	35.9	[45,48)
40.1	30.2	[39,42)
53.6	53.8	[51,54)
53.8	62.5	[51,54)
42.6	38.1	[42,45)
70.7	70	[69,72)
61.8	60.8	[60,63)
38	33.6	[36,39)
41.2	40.3	[39,42)
46.1	40.4	[45,48)
57.9	56.9	[57,60)
73.9	72.4	[72,75)
27.6	36.9	[27,30)
51.4	61.6	[51,54)
38.2	36.4	[36,39)
28.5	36.9	[27,30)
37.7	33.4	[36,39)
35.3	34.9	[33,36)
49.3	50.4	[48,51)
40.1	39.9	[39,42)
68.5	59.3	[66,69)
63	53.8	[63,66)
39.3	36.4	[39,42)
62.4	65.2	[60,63)
51.3	49.5	[51,54)
52.4	56.1	[51,54)
53.6	53.1	[51,54)
57.7	57.8	[57,60)
38.8	49.2	[36,39)
45.6	46.3	[45,48)
69.2	70	[69,72)
66.8	67.3	[66,69)
53.1	67.7	[51,54)
68	68.7	[66,69)
36.1	36.3	[36,39)
58	53.1	[57,60)
49.6	61.5	[48,51)
64.3	70.1	[63,66)
53.7	49.2	[51,54)
61.8	45.8	[60,63)
27.9	32.7	[27,30)
72.9	72.4	[72,75)
29.9	29.6	[27,30)
32.7	31.4	[30,33)
63	65.2	[63,66)
47.3	54.8	[45,48)
51.1	50.8	[51,54)
65.1	64	[63,66)
57.1	59.1	[57,60)
38.7	37.2	[36,39)
42.8	46.1	[42,45)
36.4	37.3	[36,39)
66.9	71.8	[66,69)
70.1	78.2	[69,72)
38.6	36.2	[36,39)
63	69.8	[63,66)
61.3	67.1	[60,63)
45.7	43.1	[45,48)
57.3	59.2	[57,60)
49.8	54.2	[48,51)
55	52.7	[54,57)
75.9	63.8	[75,78)
32.3	30.3	[30,33)
65.9	66.1	[63,66)
65.6	68	[63,66)
35.2	33.7	[33,36)
45.5	46.8	[45,48)
59.8	66.2	[57,60)
30.9	35.5	[30,33)
43.2	40.2	[42,45)
52.3	48.3	[51,54)
49.9	50.8	[48,51)
38.9	39.1	[36,39)
65.3	61	[63,66)
67.5	75	[66,69)
60.6	66.3	[60,63)
66.7	72.3	[66,69)
38	36.9	[36,39)
50.4	41.3	[48,51)
74.9	68.9	[72,75)
41.1	39.5	[39,42)
72.7	72.5	[72,75)
49.5	38.8	[48,51)
27.9	23.3	[27,30)
38.3	27.5	[36,39)
74.4	75.2	[72,75)
47.9	48.5	[45,48)
56.6	55	[54,57)
71.4	67.8	[69,72)
63.8	76.2	[63,66)
60.6	60.5	[60,63)
75.7	71	[75,78)
25.8	26.3	[24,27)
47.4	50.9	[45,48)
22.7	31.9	[21,24)
56.5	49	[54,57)
70.5	74.5	[69,72)
58	55	[57,60)
29.4	32.3	[27,30)
51.4	55.2	[51,54)
77.8	73.7	[75,78)
30.8	40.9	[30,33)
47	44.1	[45,48)
48.9	47.8	[48,51)
72.8	70.6	[72,75)
46.9	46	[45,48)
33.5	35.9	[33,36)
73.6	71.7	[72,75)
41.5	34	[39,42)
32.2	34.9	[30,33)
73.4	71.8	[72,75)
55.7	45.2	[54,57)
75.5	68.6	[75,78)
78.3	67.2	[78,81)
72.5	62.5	[72,75)
39.1	37.6	[39,42)
45.8	50.6	[45,48)
60.5	62	[60,63)
63	67.9	[63,66)
30.8	33.1	[30,33)
56.1	54.7	[54,57)
47.5	48.1	[45,48)
49.3	65.8	[48,51)
46.6	50.7	[45,48)
37.8	51.6	[36,39)
42.5	52.1	[42,45)
48.1	51.8	[48,51)
54.8	73.2	[54,57)
53.8	52.7	[51,54)
26.6	36.8	[24,27)
66.1	66.7	[66,69)
37.1	33.3	[36,39)
27.4	29.6	[27,30)
55.3	54.2	[54,57)
62.9	65.1	[60,63)
36.1	35.8	[36,39)
58.6	53.5	[57,60)
56.6	55.1	[54,57)
56.7	69.9	[54,57)
57.4	48	[57,60)
47.9	53.2	[45,48)
43.9	42.3	[42,45)
24	24.6	[24,27)
60.1	64.9	[60,63)
48.8	47.5	[48,51)
57.3	67.8	[57,60)
70	70.4	[69,72)
49.1	41	[48,51)
69.2	71.7	[69,72)
74.5	67	[72,75)
31	36.7	[30,33)
74.2	73.4	[72,75)
28.4	30.3	[27,30)
58.6	61.5	[57,60)
41.3	37.6	[39,42)
57.9	45.8	[57,60)
32.7	31.2	[30,33)
34.8	39.5	[33,36)
28.3	30	[27,30)
31.5	24.8	[30,33)
51.3	64	[51,54)
68.4	71.3	[66,69)
69.2	68.5	[69,72)
24.3	34	[24,27)
54.9	49.9	[54,57)
47.7	50	[45,48)
70	69.6	[69,72)
51.3	50.3	[51,54)
44	55.5	[42,45)
52.4	51.7	[51,54)
41.9	52.8	[39,42)
69.8	67	[69,72)
43.6	42.3	[42,45)
46.2	51.7	[45,48)
48.1	32.7	[48,51)
72.1	76	[72,75)
40.9	39.7	[39,42)
44.6	45.7	[42,45)
72.5	76.3	[72,75)
37.3	33	[36,39)
50.9	48	[48,51)
65.8	61.9	[63,66)
67.9	55.5	[66,69)
45.2	52.3	[45,48)
45.4	42.2	[45,48)
56.4	56.5	[54,57)
71.2	70.4	[69,72)
57	54.6	[57,60)
61.4	66.2	[60,63)
66.5	67.4	[66,69)
33.6	38.3	[33,36)
34.7	35.8	[33,36)
63.5	55.4	[63,66)
51.2	55.4	[51,54)
76.2	72.2	[75,78)
72.5	74.2	[72,75)
45.2	47.2	[45,48)
43.2	44.7	[42,45)
32.6	38.7	[30,33)
44.1	57.7	[42,45)
68.7	71.7	[66,69)
28.6	33.2	[27,30)
30	29.7	[30,33)
51.2	47	[51,54)
75.9	71	[75,78)
51.4	50.8	[51,54)
35.5	33.3	[33,36)
30.2	30.7	[30,33)
57.1	59.2	[57,60)
28.2	28.8	[27,30)
54.1	61.3	[54,57)
66	72.2	[66,69)
53.8	59.1	[51,54)
47.4	46.4	[45,48)
45.3	41.5	[45,48)
51.2	53.4	[51,54)
48.1	46.8	[48,51)
35.5	39.8	[33,36)
30.7	30.6	[30,33)
63.6	72.5	[63,66)
31	26	[30,33)
75.9	66.4	[75,78)
58.4	62.2	[57,60)
80	75.3	[78,81)
42.4	39.3	[42,45)
50.9	51.1	[48,51)
77.3	73.5	[75,78)
52.6	67.1	[51,54)
48.2	57.2	[48,51)
26.2	34.2	[24,27)
62.2	59.6	[60,63)
46	32.2	[45,48)
58.5	59.3	[57,60)
34.5	41.1	[33,36)
33.6	32.4	[33,36)
66.9	68.8	[66,69)
52.1	54.5	[51,54)
63.1	63.4	[63,66)
46.7	49.9	[45,48)
67.2	69.4	[66,69)
62.7	60.8	[60,63)
33.3	27.1	[33,36)
27.8	28.9	[27,30)
73.9	70.5	[72,75)
58.9	57.9	[57,60)
55.6	48.1	[54,57)
55	67.4	[54,57)
37.1	38.5	[36,39)
44.9	41	[42,45)
32.8	37.6	[30,33)
62.1	55.9	[60,63)
44.4	46.9	[42,45)
69.2	69.2	[69,72)
61.7	70.3	[60,63)
47.9	42.1	[45,48)
61.9	72.7	[60,63)
33	29.8	[33,36)
44.2	44.9	[42,45)
59.4	56.7	[57,60)
58.2	54.1	[57,60)
66	56.8	[66,69)
52.8	51.6	[51,54)
42.4	46.1	[42,45)
39.8	34.1	[39,42)
55.9	50.1	[54,57)
44	47.4	[42,45)
69.6	71.3	[69,72)
62.9	67.2	[60,63)
47.5	50.4	[45,48)
28.3	27.7	[27,30)
74.1	74	[72,75)
56.6	60.3	[54,57)
61.9	67.6	[60,63)
63.3	59.7	[63,66)
49	51.1	[48,51)
52.3	51	[51,54)
27.7	26.9	[27,30)
67.2	62.8	[66,69)
72.7	71.2	[72,75)
68.6	66.1	[66,69)
38.8	42.2	[36,39)
53.5	49.2	[51,54)
72.9	71.3	[72,75)
60.8	53.5	[60,63)
49.5	46.2	[48,51)
64.2	68.2	[63,66)
46.5	44.7	[45,48)
40	41.3	[39,42)
38.3	41.1	[36,39)
66.1	55.8	[66,69)
33.5	46.1	[33,36)
52	54.5	[51,54)
43.4	41.4	[42,45)
37.2	34.2	[36,39)
76.3	71.4	[75,78)
33.1	33.7	[33,36)
58.2	72.4	[57,60)
58.2	62.2	[57,60)
49.8	41.4	[48,51)
36.8	30.6	[36,39)
55.7	69.2	[54,57)
39.9	41.4	[39,42)
28.4	31	[27,30)
59.7	54.9	[57,60)
45.7	52.7	[45,48)
39	34.7	[39,42)
53.6	53.1	[51,54)
45.6	40.7	[45,48)
25.6	33.1	[24,27)
42.3	46.1	[42,45)
73.6	72	[72,75)
54.3	51.2	[54,57)
73.1	73.9	[72,75)
54.7	48.2	[54,57)
51.8	50.4	[51,54)
62.9	63.8	[60,63)
39.1	42.2	[39,42)
46.4	42.5	[45,48)
48.5	41.2	[48,51)
51.5	53.1	[51,54)
40.6	38.9	[39,42)
35.6	29.2	[33,36)
41.4	35.8	[39,42)
39.3	46.7	[39,42)
53.5	47.4	[51,54)
45.5	47	[45,48)
58.4	58.2	[57,60)
51.4	56.3	[51,54)
60.5	64.5	[60,63)
49.1	48.7	[48,51)
46.2	44.1	[45,48)
60.3	58.4	[60,63)
70	70.5	[69,72)
57.5	64.3	[57,60)
69.2	69.9	[69,72)
24.1	28.6	[24,27)
47	44	[45,48)
38.2	36.9	[36,39)
30.5	34.2	[30,33)
45.3	43.6	[45,48)
37.2	36.7	[36,39)
48.1	54.1	[48,51)
51	46.1	[51,54)
78.7	73.9	[78,81)
61.5	66.2	[60,63)
71	68.7	[69,72)
75.7	73.1	[75,78)
49.8	52	[48,51)
22.8	31.4	[21,24)
60.1	61.5	[60,63)
46.8	53.7	[45,48)
56.2	64.2	[54,57)
23.3	26	[21,24)
43	54.1	[42,45)
27.2	29.2	[27,30)
54.9	56.5	[54,57)
59.5	55.1	[57,60)
48.2	58.6	[48,51)
50.7	49.1	[48,51)
45.1	53	[45,48)
45	51.7	[45,48)
61.4	53.8	[60,63)
60.7	60	[60,63)
27.1	23.3	[27,30)
29.4	28.1	[27,30)
56.6	54	[54,57)
45	40.3	[45,48)
53.2	52.4	[51,54)
72.9	72.9	[72,75)
34.5	40	[33,36)
50.3	49	[48,51)
66.5	62.8	[66,69)
73.1	67.6	[72,75)
25.6	26.8	[24,27)
33.4	30.4	[33,36)
39.6	43.7	[39,42)
32.5	27.6	[30,33)
64	63.9	[63,66)
49.5	43.1	[48,51)
74.5	71.6	[72,75)
64.2	57.5	[63,66)
38.9	43.2	[36,39)
44.9	44.3	[42,45)
70.4	76.8	[69,72)
55.7	57.9	[54,57)
30.8	35.6	[30,33)
24.9	20.3	[24,27)
53.7	44.8	[51,54)
50.1	44.5	[48,51)
54.8	56.1	[54,57)
61.8	53.6	[60,63)
74.2	69.5	[72,75)
48.1	43.5	[48,51)
70.5	74	[69,72)
73.8	71	[72,75)
72.1	65	[72,75)
57.1	47.5	[57,60)
50.7	51	[48,51)
43.4	50.1	[42,45)
50	42.6	[48,51)
44.5	31.9	[42,45)
51.9	53.9	[51,54)
69.2	67.6	[69,72)
36.2	30.5	[36,39)
33.6	35.4	[33,36)
34.1	31.9	[33,36)
79.4	72.4	[78,81)
41.4	48.8	[39,42)
59.9	60.4	[57,60)
44.6	32.6	[42,45)
69	75.5	[69,72)
67.5	74.8	[66,69)
68.1	60.7	[66,69)
67.2	64.3	[66,69)
49.9	56.1	[48,51)
43.9	40.5	[42,45)
45.5	47.1	[45,48)
40	39.8	[39,42)
30.9	29.1	[30,33)
58.3	54.7	[57,60)
70.8	73.3	[69,72)
55.4	55.3	[54,57)
57.1	59.3	[57,60)
52.1	53.8	[51,54)
60.1	60.6	[60,63)
74.6	73.5	[72,75)
61.9	58.1	[60,63)
63.8	66.5	[63,66)
67	68.5	[66,69)
74.2	72.2	[72,75)
34.2	29.7	[33,36)
49.9	45.5	[48,51)
31.5	35.3	[30,33)
38.4	42.8	[36,39)
59	71.3	[57,60)
57.6	56.1	[57,60)
30.2	34.5	[30,33)
59.3	54.4	[57,60)
54.5	45.7	[54,57)
52.7	42.5	[51,54)
52.4	55.9	[51,54)
59.4	59.7	[57,60)
79.5	68.7	[78,81)
61.6	53	[60,63)
45.8	47.2	[45,48)
47.1	49.9	[45,48)
67.7	68.3	[66,69)
23	20.6	[21,24)
67.5	67.1	[66,69)
43.8	41.9	[42,45)
49.9	51.3	[48,51)
41.8	52.1	[39,42)
46.6	47.3	[45,48)
38.3	49.8	[36,39)
40.8	37.6	[39,42)
41.2	42.4	[39,42)
53.3	57.2	[51,54)
34.7	31.8	[33,36)
38.2	34.1	[36,39)
72.7	71.4	[72,75)
48.9	55.1	[48,51)
70.5	71.9	[69,72)
68.6	62.9	[66,69)
27.3	20.8	[27,30)
54.3	56.4	[54,57)
48.5	49.5	[48,51)
71.7	73	[69,72)
37	38.1	[36,39)
42.6	43.3	[42,45)
36.4	34.7	[36,39)
48.4	52.5	[48,51)
42	32.8	[42,45)
68.4	62.3	[66,69)
62.4	62.1	[60,63)
57.9	46.5	[57,60)
72.7	63.5	[72,75)
77.8	67.8	[75,78)
39.5	37.8	[39,42)
66.9	67.6	[66,69)
64.3	62.4	[63,66)
69.9	65.6	[69,72)
69.3	71.3	[69,72)
47.6	43.6	[45,48)
71.7	74.1	[69,72)
35	37.7	[33,36)
65	64.4	[63,66)
27.9	34.6	[27,30)
33.1	25.4	[33,36)
47.3	50	[45,48)
73.5	76.5	[72,75)
52.7	54.4	[51,54)
46.4	45.5	[45,48)
67.8	62.4	[66,69)
54	54.9	[54,57)
37.5	34.1	[36,39)
51.8	51.7	[51,54)
45	44	[45,48)
35.3	40.3	[33,36)
71.3	65.2	[69,72)
36.8	50.7	[36,39)
63.6	58.2	[63,66)
74.6	73.4	[72,75)
68.6	68.5	[66,69)
58.7	67	[57,60)
42.5	48.7	[42,45)
22.2	26.8	[21,24)
70.7	70.8	[69,72)
43.1	47	[42,45)
59.6	62.8	[57,60)
34.3	34.9	[33,36)
21.9	27	[21,24)
34.4	40	[33,36)
68.1	71.1	[66,69)
46.3	57.6	[45,48)
45.7	50.1	[45,48)
51.4	43.6	[51,54)
54.9	53.4	[54,57)
24.3	27.3	[24,27)
46.8	48.2	[45,48)
42.1	37.8	[42,45)
61.6	60.8	[60,63)
49.2	49.5	[48,51)
31.2	32.6	[30,33)
61	61.2	[60,63)
53.4	47	[51,54)
61.7	59.8	[60,63)
31.2	36.5	[30,33)
64.3	65.9	[63,66)
77.2	75.5	[75,78)
75	65.6	[75,78)
57	55.1	[57,60)
38.2	41.5	[36,39)
34	31.1	[33,36)
31.5	30.3	[30,33)
72.1	71.8	[72,75)
67.1	72	[66,69)
34.6	38.9	[33,36)
50	35.9	[48,51)
60.9	53.4	[60,63)
49.6	45.2	[48,51)
64.1	51.6	[63,66)
68.6	71.5	[66,69)
51.9	50.3	[51,54)
50.6	52	[48,51)
40.1	42.9	[39,42)
58	53.9	[57,60)
48.7	50.7	[48,51)
77.8	69.8	[75,78)
64.1	71.8	[63,66)
57.1	53.4	[57,60)
41.3	44.6	[39,42)
38.3	48	[36,39)
41.8	34.9	[39,42)
32.4	37.9	[30,33)
64.3	68.2	[63,66)
33.3	35.5	[33,36)
69.7	66.9	[69,72)
35.4	30.9	[33,36)
52.9	53.1	[51,54)
27.6	26.7	[27,30)
68.9	62.9	[66,69)
57.3	62	[57,60)
67.6	67.5	[66,69)
66.4	74.4	[66,69)
53.5	62.5	[51,54)
43.3	41.1	[42,45)
44.3	48.8	[42,45)
46.2	42.8	[45,48)
32.2	29.6	[30,33)
68	60.5	[66,69)
50.3	48.1	[48,51)
75.5	67.4	[75,78)
52.5	48.5	[51,54)
70.9	77.5	[69,72)
47.9	48.8	[45,48)
45.7	46.9	[45,48)
21.7	28.4	[21,24)
36.9	43.3	[36,39)
67.7	71.9	[66,69)
60.2	64.9	[60,63)
52.2	49.6	[51,54)
61.7	68.2	[60,63)
69.2	73.2	[69,72)
76.3	70.2	[75,78)
62.9	74.1	[60,63)
55.5	46.6	[54,57)
35.1	31.5	[33,36)
68.4	63.6	[66,69)
61.5	59.6	[60,63)
37.9	44.5	[36,39)
51.3	48.3	[51,54)
74	68.6	[72,75)
32.4	27.1	[30,33)
62.5	52.2	[60,63)
69.6	67.4	[69,72)
49.1	46	[48,51)
61.7	66.5	[60,63)
50.1	44.1	[48,51)
29.8	27.6	[27,30)
66	73.2	[66,69)
53.8	55.5	[51,54)
77.6	71.9	[75,78)
68.7	66.7	[66,69)
44.2	51.9	[42,45)
51.8	49	[51,54)
38.8	37.5	[36,39)
56.2	62.8	[54,57)
28.2	23.2	[27,30)
51.6	47.3	[51,54)
42.6	52.5	[42,45)
53.9	49.7	[51,54)
45.2	44	[45,48)
64.3	65	[63,66)
28.5	24.9	[27,30)
32.8	35.9	[30,33)
57.2	59	[57,60)
46.6	43.4	[45,48)
40.7	46.3	[39,42)
59.4	68.9	[57,60)
60.1	54.2	[60,63)
41.9	34.9	[39,42)
35.5	39.3	[33,36)
56.2	48.2	[54,57)
41.6	35.1	[39,42)
50.1	49.7	[48,51)
48.2	46.3	[48,51)
49.4	53.2	[48,51)
71.2	70.2	[69,72)
68.4	61.4	[66,69)
27.5	25.5	[27,30)
60.6	52.2	[60,63)
54.3	55.1	[54,57)
64.8	66.2	[63,66)
46.5	46.6	[45,48)
59.4	64.9	[57,60)
37.8	48.6	[36,39)
51.2	45.8	[51,54)
51.8	56.9	[51,54)
64.8	73.2	[63,66)
55.8	51.5	[54,57)
28.1	23.3	[27,30)
69.7	68.9	[69,72)
21.5	26.8	[21,24)
53.9	62.8	[51,54)
60.3	54	[60,63)
59.4	57.9	[57,60)
74.9	73.1	[72,75)
68.8	75.1	[66,69)
42.4	38.2	[42,45)
32.4	39.7	[30,33)
66.5	70	[66,69)
71.5	72.5	[69,72)
44	39.5	[42,45)
70.1	70.1	[69,72)
49.1	59.1	[48,51)
34.3	33.3	[33,36)
36.2	27.2	[36,39)
72	73.2	[72,75)
49	47.1	[48,51)
68.9	64.9	[66,69)
62.8	64.4	[60,63)
78.3	71	[78,81)
66	68.3	[66,69)
41.7	46.9	[39,42)
65.3	66.5	[63,66)
60.9	56.5	[60,63)
44	47.7	[42,45)
68.9	72.1	[66,69)
34.5	38.2	[33,36)
32.2	40.6	[30,33)
46.5	39.7	[45,48)
59.6	68.7	[57,60)
71.8	72.1	[69,72)
59	64.3	[57,60)
39.7	38.1	[39,42)
73.7	71.5	[72,75)
27.8	27.7	[27,30)
58.1	69.8	[57,60)
37.7	35.6	[36,39)
51.2	55.7	[51,54)
73.4	66.6	[72,75)
79.6	70.2	[78,81)
66.5	66.9	[66,69)
35.9	36.7	[33,36)
28	28.4	[27,30)
74.6	73.7	[72,75)
61.7	65.1	[60,63)
38.8	39.5	[36,39)
51.6	54	[51,54)
38.7	48.7	[36,39)
36.7	31.9	[36,39)
47.7	50.9	[45,48)
65.1	68.4	[63,66)
37.5	33.8	[36,39)
47.5	50.2	[45,48)
29.8	29.1	[27,30)
46.4	44.6	[45,48)
49.2	59.2	[48,51)
53.7	55.4	[51,54)
49.1	51.4	[48,51)
51.9	55.7	[51,54)
73.2	76.3	[72,75)
55.1	60.4	[54,57)
67.9	72.4	[66,69)
58.7	56.9	[57,60)
52.2	50.5	[51,54)
55.4	39.8	[54,57)
69.5	58.3	[69,72)
66.5	65.4	[66,69)
69.9	71.1	[69,72)
60.4	65.8	[60,63)
73.4	71	[72,75)
60.6	68	[60,63)
50.1	45.7	[48,51)
62.6	69.5	[60,63)
58.4	52.1	[57,60)
71.1	75.3	[69,72)
65.4	67.9	[63,66)
48.7	41.4	[48,51)
53.3	56.6	[51,54)
50.8	49.3	[48,51)
50.2	51.5	[48,51)
56.6	58.4	[54,57)
62.1	55.2	[60,63)
48.2	49.1	[48,51)
74.9	71.9	[72,75)
64	57.6	[63,66)
40.7	43	[39,42)
57.4	57.5	[57,60)
75.7	67	[75,78)
57.3	63.9	[57,60)
77.8	67.2	[75,78)
48.5	47.5	[48,51)
37.6	32.8	[36,39)
77.8	76.1	[75,78)
50.5	59.7	[48,51)
61.8	73.7	[60,63)
57.9	58.9	[57,60)
53.6	51.3	[51,54)
71.7	70.1	[69,72)
55.8	50.4	[54,57)
34.1	36.4	[33,36)
69.6	73.7	[69,72)
45.1	50.1	[45,48)
38.1	32.7	[36,39)
49	50.2	[48,51)
33.9	36.3	[33,36)
55.5	55	[54,57)
20.1	26.1	[18,21)
52.7	54.1	[51,54)
42	42.9	[42,45)
51.4	54.3	[51,54)
66.8	67.3	[66,69)
75.2	75.3	[75,78)
56.5	56.8	[54,57)
70.7	72.9	[69,72)
68.6	68.6	[66,69)
28.5	34.3	[27,30)
79.3	79.1	[78,81)
49.1	50.4	[48,51)
46.3	48.5	[45,48)
32.5	31.8	[30,33)
62	68.3	[60,63)
51.3	48.6	[51,54)
39.4	39.3	[39,42)
40.1	51.2	[39,42)
55.4	63.5	[54,57)
66.7	71.4	[66,69)
56.9	52.8	[54,57)
56.3	50.9	[54,57)
53.4	46	[51,54)
35.2	32.2	[33,36)
55.5	63.5	[54,57)
50	48.3	[48,51)
44.5	50.4	[42,45)
51.3	49	[51,54)
50.1	57.2	[48,51)
64.9	67.1	[63,66)
74	77.9	[72,75)
60.9	56.4	[60,63)
66.9	68.2	[66,69)
56.9	59.9	[54,57)
77.2	71.2	[75,78)
53.8	66.7	[51,54)
62.3	54.1	[60,63)
57.7	44.8	[57,60)
56.8	62.5	[54,57)
54.2	50.1	[54,57)
38.6	34.3	[36,39)
33	34.8	[33,36)
63.1	61.1	[63,66)
59.2	54.4	[57,60)
66.1	65.9	[66,69)
36.6	34.2	[36,39)
71.5	71.4	[69,72)
81.3	72.7	[81,84)
44.7	49.7	[42,45)
72.6	65.3	[72,75)
76.2	79.3	[75,78)
72.6	70.9	[72,75)
29	32.9	[27,30)
76.7	71.3	[75,78)
50.3	43.1	[48,51)
44.1	44.1	[42,45)
52.4	53.3	[51,54)
49.7	53.7	[48,51)
48	46.7	[48,51)
71.7	71.8	[69,72)
52.3	51.8	[51,54)
42.1	48.2	[42,45)
48.1	51.4	[48,51)
55.1	54.6	[54,57)
39.9	46.1	[39,42)
31	33	[30,33)
45.3	45.2	[45,48)
67.9	68.7	[66,69)
40.5	38.3	[39,42)
48	51.7	[48,51)
29.1	33.8	[27,30)
29.2	32.5	[27,30)
32.6	40.6	[30,33)
60.8	65.2	[60,63)
65.5	63	[63,66)
40.9	42.7	[39,42)
59.5	49	[57,60)
64.9	67.9	[63,66)
50.6	60.5	[48,51)
27.2	25.8	[27,30)
62.2	68.5	[60,63)
69	73.7	[69,72)
39.5	33	[39,42)
64.9	66.1	[63,66)
52.6	65.2	[51,54)
71.5	68.4	[69,72)
29.4	28.5	[27,30)
30.6	37.4	[30,33)
71.4	67.5	[69,72)
29	36	[27,30)
45.6	43.1	[45,48)
52.9	54	[51,54)
54.6	51.9	[54,57)
81.7	76.4	[81,84)
74.4	77.6	[72,75)
58.6	52.1	[57,60)
64.8	60.7	[63,66)
55.1	61.9	[54,57)
33.6	34	[33,36)
65	69.2	[63,66)
47.9	49.9	[45,48)
64.4	68.9	[63,66)
55.4	52.7	[54,57)
68.3	65.1	[66,69)
64.3	62	[63,66)
34.2	27.2	[33,36)
28.3	36.8	[27,30)
60.7	60.7	[60,63)
38.3	32.5	[36,39)
68.7	70	[66,69)
78.9	70.1	[78,81)
59	60.6	[57,60)
42.1	47.4	[42,45)
50.4	50.8	[48,51)
72	69	[72,75)
50.1	51	[48,51)
58.2	54.1	[57,60)
36.6	38.4	[36,39)
45.2	41.2	[45,48)
68.3	66.8	[66,69)
48.9	51	[48,51)
48.4	53.8	[48,51)
23.9	28.1	[21,24)
56.4	55.3	[54,57)
52.6	52.8	[51,54)
27.9	34.5	[27,30)
32.6	34.4	[30,33)
69.4	63.8	[69,72)
38.9	32.1	[36,39)
49.6	46.1	[48,51)
29.8	32.3	[27,30)
50.8	53.9	[48,51)
51.1	42.6	[51,54)
47.6	49.4	[45,48)
50.4	50.4	[48,51)
32.7	29.2	[30,33)
75.2	72.7	[75,78)
56.9	62.8	[54,57)
59.8	59.3	[57,60)
55.1	54	[54,57)
57.2	47.5	[57,60)
44.9	45.3	[42,45)
40.2	39.4	[39,42)
35.5	36.6	[33,36)
72.6	69.6	[72,75)
42.7	42.4	[42,45)
59.2	60.5	[57,60)
46.5	45.3	[45,48)
57.4	64.8	[57,60)
36.8	39.8	[36,39)
55.4	61.3	[54,57)
50.5	55.7	[48,51)
47.9	37.9	[45,48)
46.5	48.1	[45,48)
32.1	35.2	[30,33)
41.3	53.1	[39,42)
72.4	65	[72,75)
63.1	67.1	[63,66)
77.3	74.7	[75,78)
74	67.7	[72,75)
50.1	55.1	[48,51)
28.2	25.3	[27,30)
81.1	69.8	[81,84)
66.5	70.6	[66,69)
54.8	49.7	[54,57)
41.3	51.6	[39,42)
48.2	50.8	[48,51)
55.4	53.8	[54,57)
36.7	41	[36,39)
62.8	65.5	[60,63)
43.2	51	[42,45)
72.6	71	[72,75)
66.9	71.4	[66,69)
55	44.4	[54,57)
28	38.5	[27,30)
58.3	57.5	[57,60)
49.5	44.1	[48,51)
77.4	74.3	[75,78)
51	46.8	[51,54)
70.7	73.5	[69,72)
66.9	66.2	[66,69)
43.8	41.7	[42,45)
42.1	38.7	[42,45)
61	67.9	[60,63)
38.1	37.9	[36,39)
42.8	49.1	[42,45)
35.1	30.9	[33,36)
57.7	56.9	[57,60)
50.6	49.6	[48,51)
45.8	41.3	[45,48)
53.7	54.4	[51,54)
51.2	44.1	[51,54)
74.6	79.9	[72,75)
48.1	44.5	[48,51)
37.1	33.3	[36,39)
54.6	57.8	[54,57)
26.2	22.4	[24,27)
49.2	48.1	[48,51)
53.4	48.5	[51,54)
54.7	51.8	[54,57)
58.8	54	[57,60)
56.5	52.2	[54,57)
67.6	62.9	[66,69)
64.3	67.4	[63,66)
61.7	66.1	[60,63)
65.6	74.7	[63,66)
66.5	67.1	[66,69)
65.1	66.1	[63,66)
63.6	61.5	[63,66)
73.3	72.4	[72,75)
46.5	45.7	[45,48)
28.7	22.3	[27,30)
43.4	46.8	[42,45)
39.4	35.6	[39,42)
45.9	49.1	[45,48)
52.5	52.9	[51,54)
58.5	63.5	[57,60)
53.6	52.6	[51,54)
46.9	45.1	[45,48)
67	76.1	[66,69)
58.3	54.6	[57,60)
53.8	51.9	[51,54)
63.9	66	[63,66)
66.4	70.3	[66,69)
42.7	37.4	[42,45)
44.2	42	[42,45)
62.3	62.7	[60,63)
76.5	77.9	[75,78)
63.5	71.7	[63,66)
79.9	72	[78,81)
38.2	47.1	[36,39)
50.3	46.1	[48,51)
24.9	21	[24,27)
75.6	69.9	[75,78)
59.2	50	[57,60)
27.7	30.8	[27,30)
52.5	44.7	[51,54)
61.4	62	[60,63)
63	59.9	[63,66)
56.2	51.7	[54,57)
74.4	76.8	[72,75)
61.4	65.4	[60,63)
72.9	72.2	[72,75)
33	32.6	[33,36)
31.1	33.4	[30,33)
54	48.7	[54,57)
43.5	52.6	[42,45)
46.6	43.5	[45,48)
54.4	48.6	[54,57)
46.7	44	[45,48)
55.8	68.9	[54,57)
63.3	61	[63,66)
67.6	68.3	[66,69)
60.9	70	[60,63)
57.8	50.8	[57,60)
68.6	67.8	[66,69)
47.2	40.2	[45,48)
46.6	41.6	[45,48)
56	49.3	[54,57)
71.7	64.9	[69,72)
58.7	51.3	[57,60)
50.4	44.2	[48,51)
56.2	52.3	[54,57)
40.5	42.7	[39,42)
67.8	66.2	[66,69)
68.5	68.6	[66,69)
35.3	29.3	[33,36)
54.7	59.1	[54,57)
71.5	73.5	[69,72)
31.6	26	[30,33)
53.1	49.2	[51,54)
31.4	31.5	[30,33)
68.5	69.7	[66,69)
29.2	34.9	[27,30)
68.9	70.6	[66,69)
33.3	39.5	[33,36)
48.1	49.9	[48,51)
60.9	64.9	[60,63)
60.6	64.2	[60,63)
63.3	73	[63,66)
69.7	68.7	[69,72)
65.6	66.7	[63,66)
53.1	46.5	[51,54)
30	39.3	[30,33)
65.9	64.8	[63,66)
52.2	51.8	[51,54)
46.1	44	[45,48)
44.4	51.2	[42,45)
62.4	65.2	[60,63)
26.5	32.2	[24,27)
25.5	33.6	[24,27)
74.9	73.5	[72,75)
49.5	46.6	[48,51)
28.3	32	[27,30)
44.5	49.2	[42,45)
59.3	69	[57,60)
59.9	70.3	[57,60)
25.6	24.3	[24,27)
27.6	24.5	[27,30)
32.3	34.6	[30,33)
31.3	28.4	[30,33)
66.4	67.9	[66,69)
29.3	28.4	[27,30)
33.7	34.2	[33,36)
40.7	44.6	[39,42)
32.2	30	[30,33)
74.5	71.5	[72,75)
23.1	25.8	[21,24)
31.2	40.3	[30,33)
31.4	31.3	[30,33)
34.6	37.3	[33,36)
63.1	66.8	[63,66)
37.8	48.9	[36,39)
41.5	40.5	[39,42)
60	65.7	[60,63)
40.3	50.3	[39,42)
67.7	62.7	[66,69)
58.3	63.6	[57,60)
73.6	73.1	[72,75)
36.1	36.5	[36,39)
44.9	41.1	[42,45)
50	49	[48,51)
59.1	52.2	[57,60)
40.9	45.8	[39,42)
65.7	71.4	[63,66)
51.5	58.4	[51,54)
67	71.3	[66,69)
58.3	48.7	[57,60)
69.5	66.9	[69,72)
25.1	28.3	[24,27)
56.2	45.9	[54,57)
55.8	46.1	[54,57)
24	32.2	[24,27)
35.2	35.3	[33,36)
52.9	48.6	[51,54)
55.4	45.9	[54,57)
66.2	68.3	[66,69)
42	41.3	[42,45)
72.1	69.6	[72,75)
55.9	51.8	[54,57)
32.8	35	[30,33)
52.2	47.9	[51,54)
60.5	63.3	[60,63)
44.8	38.7	[42,45)
50.4	50.8	[48,51)
74.3	69.3	[72,75)
51.6	46.8	[51,54)
44.1	51.1	[42,45)
65	68.4	[63,66)
42.4	46.5	[42,45)
27.6	29.9	[27,30)
33.2	40.9	[33,36)
69.2	67.7	[69,72)
68.9	64.1	[66,69)
55.5	68.2	[54,57)
37.3	22.9	[36,39)
52.9	48.2	[51,54)
61.7	71.5	[60,63)
57.5	51.8	[57,60)
52.4	48.5	[51,54)
77.8	71.6	[75,78)
61.9	68.6	[60,63)
53.9	63.8	[51,54)
48.1	43.1	[48,51)
59.1	64.3	[57,60)
71.2	78.1	[69,72)
61.1	72.5	[60,63)
42.4	38.3	[42,45)
64.3	63.1	[63,66)
63.1	65.3	[63,66)
67.3	63.5	[66,69)
46.8	49.1	[45,48)
58.3	63.5	[57,60)
33.1	45.3	[33,36)
54	60	[54,57)
76.6	70.3	[75,78)
43.1	36.1	[42,45)
29.8	35.1	[27,30)
49.4	54.8	[48,51)
30.4	29.3	[30,33)
76.7	72.7	[75,78)
45.4	42.2	[45,48)
61.7	61.3	[60,63)
55.8	49.2	[54,57)
68.4	72	[66,69)
66.2	61.6	[66,69)
65	52.8	[63,66)
65.4	72.3	[63,66)
33.6	26	[33,36)
39.9	50.5	[39,42)
24.3	28.7	[24,27)
70.6	77.1	[69,72)
71.4	74.1	[69,72)
65.3	74.4	[63,66)
45.7	48	[45,48)
55.1	40.3	[54,57)
29.5	34.5	[27,30)
74.2	74.5	[72,75)
34.6	40.7	[33,36)
56.4	61.2	[54,57)
56	54.5	[54,57)
36.8	33	[36,39)
34.7	31.2	[33,36)
71.5	73.8	[69,72)
44.6	46.3	[42,45)
76.9	73.1	[75,78)
72	64	[72,75)
49.5	55.5	[48,51)
49.7	43.5	[48,51)
28.6	31.7	[27,30)
23.4	30.5	[21,24)
69.7	72.9	[69,72)
63.7	61.5	[63,66)
39.2	39.7	[39,42)
33.3	32.6	[33,36)
38.7	37.2	[36,39)
79.4	77.7	[78,81)
47.2	54.3	[45,48)
60.6	69.5	[60,63)
68.3	69.6	[66,69)
40.3	38.4	[39,42)
47.6	44.4	[45,48)
55.8	64.4	[54,57)
36.2	33.7	[36,39)
35.7	38.8	[33,36)
35.5	26.5	[33,36)
57.9	57.2	[57,60)
25.7	38.1	[24,27)
76.9	64.9	[75,78)
49.3	48.6	[48,51)
58	59.4	[57,60)
70.8	71.8	[69,72)
57.5	46.4	[57,60)
44.8	46.6	[42,45)
76.4	74.1	[75,78)
45.8	50.3	[45,48)
42.9	46.3	[42,45)
23.4	28	[21,24)
57.5	69.7	[57,60)
33.9	36.3	[33,36)
52.5	57.5	[51,54)
65.3	63.3	[63,66)
46.9	47.6	[45,48)
64.1	73.4	[63,66)
26.9	32.4	[24,27)
52.6	53.5	[51,54)
80.6	72.1	[78,81)
58.3	57.4	[57,60)
64.8	72.4	[63,66)
49.5	62.7	[48,51)
57.6	50.8	[57,60)
78.1	77.1	[78,81)
41.8	51.9	[39,42)
68.3	75.1	[66,69)
67.6	63.9	[66,69)
54.5	65.7	[54,57)
73.6	71.6	[72,75)
64.1	70.7	[63,66)
39.3	35.8	[39,42)
51.1	51.1	[51,54)
48.6	53.3	[48,51)
40.1	46.9	[39,42)
54.2	49.2	[54,57)
38.8	37.8	[36,39)
72.9	72.6	[72,75)
33.8	32.8	[33,36)
22.7	17.1	[21,24)
52.3	52	[51,54)
61.7	61.9	[60,63)
66.9	61.9	[66,69)
41.6	33.6	[39,42)
71.4	63.8	[69,72)
39.8	45.6	[39,42)
64.1	73.8	[63,66)
22.5	22.7	[21,24)
52.4	53.3	[51,54)
68.9	71.4	[66,69)
23.9	30.2	[21,24)
28.3	22.5	[27,30)
74.9	72.4	[72,75)
48.9	49.3	[48,51)
53	59	[51,54)
65	74.4	[63,66)
43.6	41.5	[42,45)
34.5	47.2	[33,36)
37.8	30.7	[36,39)
42.7	43.1	[42,45)
71.1	70.9	[69,72)
55.3	51	[54,57)
68.7	67.8	[66,69)
32.4	36.3	[30,33)
39.8	34.5	[39,42)
55.3	51.3	[54,57)
64.2	67.5	[63,66)
39.9	30.5	[39,42)
75.4	67.5	[75,78)
69.7	72.8	[69,72)
54.1	52.9	[54,57)
43	45.5	[42,45)
72.1	75.5	[72,75)
42.7	46.2	[42,45)
63.7	48.5	[63,66)
24.7	26.3	[24,27)
36.1	39.8	[36,39)
39.9	44.1	[39,42)
41.4	45.9	[39,42)
42.5	35	[42,45)
50.5	49.6	[48,51)
71.9	75.3	[69,72)
43.6	41	[42,45)
63.1	55.6	[63,66)
68.7	73	[66,69)
74.9	70.9	[72,75)
36.9	36.8	[36,39)
58.2	66.1	[57,60)
60.3	57.8	[60,63)
35.5	39.9	[33,36)
67.3	68.1	[66,69)
37.1	40	[36,39)
64.6	63.2	[63,66)
36.1	41.1	[36,39)
36.6	33.8	[36,39)
75.7	78.6	[75,78)
34.2	32.2	[33,36)
31.5	35.4	[30,33)
50.9	52.3	[48,51)
52.9	50.2	[51,54)
33.7	33.6	[33,36)
46.5	43	[45,48)
33.6	31.2	[33,36)
32.2	33.8	[30,33)
75.2	68.5	[75,78)
59.6	55.1	[57,60)
67.9	69.6	[66,69)
64.7	60.4	[63,66)
39.9	35.2	[39,42)
33.7	32.4	[33,36)
68.7	76	[66,69)
49.7	48.9	[48,51)
56.8	47.1	[54,57)
55	48.6	[54,57)
45.2	37.9	[45,48)
71	71	[69,72)
54.3	53.4	[54,57)
45.1	47.1	[45,48)
18.2	25.8	[18,21)
49.5	54.1	[48,51)
34.8	41	[33,36)
40.6	37.2	[39,42)
57.2	53.6	[57,60)
26.8	26.8	[24,27)
53.2	51.1	[51,54)
37	33.7	[36,39)
69.9	77.1	[69,72)
56.4	55.3	[54,57)
55.6	46.7	[54,57)
69.3	68.6	[69,72)
71.1	66.1	[69,72)
28.9	22.7	[27,30)
40.8	35.5	[39,42)
52	52.3	[51,54)
56.3	47.3	[54,57)
70.8	72.9	[69,72)
61.6	62.7	[60,63)
54.7	46.9	[54,57)
38.4	35.1	[36,39)
68.3	63.6	[66,69)
57.1	63.2	[57,60)
61.7	67	[60,63)
50.6	49.3	[48,51)
51.9	49.7	[51,54)
55.4	62.5	[54,57)
54.9	52.8	[54,57)
50.5	50.4	[48,51)
63.5	65.3	[63,66)
33.7	33.6	[33,36)
69.6	69.9	[69,72)
63.5	65.7	[63,66)
51.6	61.8	[51,54)
46.5	50.7	[45,48)
65.5	48.6	[63,66)
30.5	41	[30,33)
73.3	73.1	[72,75)
48.8	44.3	[48,51)
38	33.1	[36,39)
50.2	51.1	[48,51)
51.7	41.1	[51,54)
40.8	41.8	[39,42)
52.4	56.7	[51,54)
41.9	45.7	[39,42)
49.4	32.5	[48,51)
70.7	61.9	[69,72)
50.6	52.8	[48,51)
62	56.2	[60,63)
37.7	34.9	[36,39)
56.3	46.5	[54,57)
73.4	72.7	[72,75)
56.5	60.9	[54,57)
78.2	71.5	[78,81)
69.6	71.2	[69,72)
74.3	69.9	[72,75)
50.1	50.9	[48,51)
42	42.6	[42,45)
45.4	38.9	[45,48)
50.2	55.2	[48,51)
68	70.4	[66,69)
29.9	30.6	[27,30)
47.9	49.8	[45,48)
72.1	71	[72,75)
24.1	37	[24,27)
58.8	68.1	[57,60)
51.6	54.6	[51,54)
23.4	30.9	[21,24)
76.3	69.7	[75,78)
63	63.1	[63,66)
53.1	52.4	[51,54)
74.8	78.5	[72,75)
32	28.7	[30,33)
63.6	59.4	[63,66)
60.3	60.2	[60,63)
59.1	61.5	[57,60)
47.8	49.5	[45,48)
57.6	50.6	[57,60)
36	41.3	[36,39)
48.8	44.8	[48,51)
43.6	39.8	[42,45)
65	71.6	[63,66)
46	48.3	[45,48)
64.7	71.2	[63,66)
46.8	48.1	[45,48)
53.6	51.1	[51,54)
48.7	50.8	[48,51)
68.2	70.2	[66,69)
46.1	38.2	[45,48)
60.6	63.9	[60,63)
58.8	57.5	[57,60)
30.4	35.7	[30,33)
54.4	54.3	[54,57)
56.5	50.1	[54,57)
43.4	36.2	[42,45)
60.5	63.9	[60,63)
63.8	65.2	[63,66)
70.8	67	[69,72)
35.3	35.4	[33,36)
48.1	47.7	[48,51)
47.9	47.1	[45,48)
33.2	37.4	[33,36)
46.2	52.6	[45,48)
55	62.5	[54,57)
59.8	52.1	[57,60)
72.5	69.5	[72,75)
31.5	27.9	[30,33)
74	68.3	[72,75)
40.5	41.7	[39,42)
54.3	54.6	[54,57)
56.8	54.9	[54,57)
67.9	62.4	[66,69)
81.1	69.4	[81,84)
60.5	59.2	[60,63)
66.4	68.2	[66,69)
40	32.5	[39,42)
42	38.3	[42,45)
43.8	49.2	[42,45)
54.7	50.5	[54,57)
58.5	62.9	[57,60)
42.4	41.6	[42,45)
73.3	74.4	[72,75)
64.8	65.9	[63,66)
53.2	36.2	[51,54)
45.9	46.1	[45,48)
34.4	32.6	[33,36)
56.3	53.8	[54,57)
60	67.5	[60,63)
29.1	31.7	[27,30)
31.4	37.2	[30,33)
74.3	65.3	[72,75)
53.7	48	[51,54)
45.2	50	[45,48)
34	38	[33,36)
72.6	70.4	[72,75)
59.3	56.3	[57,60)
55.5	73.9	[54,57)
34.2	41.7	[33,36)
54.6	61	[54,57)
75.9	71.2	[75,78)
43.2	38.3	[42,45)
75	71.8	[75,78)
71.2	68.5	[69,72)
41.3	37.9	[39,42)
45.9	47	[45,48)
35.4	30.2	[33,36)
28.6	28	[27,30)
47	45.8	[45,48)
55.6	64.2	[54,57)
71	66	[69,72)
38.1	45.2	[36,39)
33.8	28.9	[33,36)
71.9	74.2	[69,72)
38	38.6	[36,39)
46.2	50.9	[45,48)
42.5	36.1	[42,45)
18.2	21.3	[18,21)
59.3	60.5	[57,60)
60.7	55.4	[60,63)
40.3	40.5	[39,42)
69.9	69.7	[69,72)
48.6	59.9	[48,51)
58.8	54.7	[57,60)
40.6	46.1	[39,42)
75	69.8	[75,78)
28.5	34.3	[27,30)
47.4	53.9	[45,48)
36	31.8	[36,39)
22.6	27.7	[21,24)
58.5	52.1	[57,60)
77.5	75.2	[75,78)
72.7	73.4	[72,75)
78	74.9	[78,81)
60.2	59.7	[60,63)
32.9	30.2	[30,33)
47.8	56.7	[45,48)
71.6	73.7	[69,72)
82	77.4	[81,84)
55.7	55.2	[54,57)
48.8	44.8	[48,51)
35.6	34.4	[33,36)
25.9	29.5	[24,27)
58.6	56.5	[57,60)
57.9	58	[57,60)
42.6	47.8	[42,45)
65.9	68.8	[63,66)
34.6	49.5	[33,36)
75.6	77.1	[75,78)
63.9	73.9	[63,66)
33.8	28	[33,36)
47.9	48.5	[45,48)
45.7	48	[45,48)
27.4	25.3	[27,30)
39.8	46.3	[39,42)
46.7	43.9	[45,48)
46.2	52.3	[45,48)
73.3	74.3	[72,75)
50.1	48.2	[48,51)
38.4	38.5	[36,39)
30.4	36.6	[30,33)
48.7	43.4	[48,51)
43.2	47.4	[42,45)
52.4	53.5	[51,54)
30.5	31.1	[30,33)
76.3	73.4	[75,78)
43.7	39.7	[42,45)
39.7	31.2	[39,42)
46	40	[45,48)
69.3	72.4	[69,72)
76.6	75.8	[75,78)
75.7	71.5	[75,78)
67.2	67.2	[66,69)
43.2	45.1	[42,45)
71.9	71.3	[69,72)
47.2	43.1	[45,48)
67.1	73.3	[66,69)
54.5	58.1	[54,57)
43.9	39.8	[42,45)
46.8	45	[45,48)
59.3	60.9	[57,60)
49.4	57.7	[48,51)
43.1	45.1	[42,45)
54.9	68.2	[54,57)
24.6	40.5	[24,27)
56.4	54.8	[54,57)
69.3	72.7	[69,72)
27	30	[27,30)
42.1	39.4	[42,45)
48	45.9	[48,51)
50.7	57.8	[48,51)
56.7	54.2	[54,57)
25.1	23.3	[24,27)
64.3	68.1	[63,66)
56.5	51.4	[54,57)
75.8	67.1	[75,78)
39.1	32.1	[39,42)
56.5	48.6	[54,57)
52.2	57	[51,54)
68.9	64.2	[66,69)
52.6	52.1	[51,54)
79.8	75.8	[78,81)
69.6	69.5	[69,72)
48.8	56.8	[48,51)
40.4	39.6	[39,42)
38	46.8	[36,39)
51.4	46.2	[51,54)
75.7	70.4	[75,78)
51.1	49.2	[51,54)
67.9	62.3	[66,69)
48.1	53.6	[48,51)
32.5	34.2	[30,33)
56.2	56.7	[54,57)
27.3	30.4	[27,30)
68.7	75	[66,69)
34.1	40.9	[33,36)
44	46.7	[42,45)
54.6	57.2	[54,57)
61.1	56.4	[60,63)
31.9	37.6	[30,33)
38.1	35	[36,39)
40.3	44.4	[39,42)
56.3	50.6	[54,57)
70.5	75	[69,72)
63.6	65.9	[63,66)
46.7	45	[45,48)
33.6	30.6	[33,36)
29.4	22	[27,30)
62	58	[60,63)
59.7	56.1	[57,60)
47.4	43.2	[45,48)
57.7	65.6	[57,60)
69.4	63.4	[69,72)
56.8	58.8	[54,57)
51.7	48.1	[51,54)
68.3	77.1	[66,69)
46.6	39.7	[45,48)
41.4	48.2	[39,42)
66.1	71.7	[66,69)
51.8	49.1	[51,54)
46.3	37.6	[45,48)
71.2	74.1	[69,72)
34.7	36.4	[33,36)
59.2	68.3	[57,60)
32.2	33	[30,33)
46.3	39	[45,48)
49	45.2	[48,51)
66.4	65.5	[66,69)
38.8	38.9	[36,39)
49.1	52.1	[48,51)
69.4	70.6	[69,72)
47.5	55.5	[45,48)
63.7	67.1	[63,66)
71.1	65.5	[69,72)
80.7	76.4	[78,81)
75.7	71.1	[75,78)
57.2	51.3	[57,60)
41	40.4	[39,42)
45.7	49.7	[45,48)
34.2	35.9	[33,36)
71.7	65.2	[69,72)
43.8	41.6	[42,45)
52.1	60.9	[51,54)
70.5	70.6	[69,72)
66.6	65	[66,69)
68.7	65.6	[66,69)
39.6	35.9	[39,42)
43.7	45.9	[42,45)
61.4	72.2	[60,63)
60.1	66.9	[60,63)
47.7	46.1	[45,48)
64	68.2	[63,66)
60.2	64.4	[60,63)
36.4	35.6	[36,39)
37.9	41.4	[36,39)
49.2	59.4	[48,51)
50.3	44	[48,51)
50.5	53.1	[48,51)
82	77.1	[81,84)
65.6	71.4	[63,66)
61.4	65.9	[60,63)
37	37.8	[36,39)
34.7	35.4	[33,36)
65.1	69.9	[63,66)
74.3	75.2	[72,75)
65.8	76.8	[63,66)
55.1	46.1	[54,57)
37.8	34	[36,39)
46.6	50.7	[45,48)
69.6	73.3	[69,72)
67.9	73.8	[66,69)
56.1	57.6	[54,57)
34.6	35.9	[33,36)
38.2	41.5	[36,39)
62.1	61.7	[60,63)
69.5	72.1	[69,72)
50.4	45.3	[48,51)
67.2	68.5	[66,69)
46.7	36	[45,48)
60.3	64.4	[60,63)
52.6	48	[51,54)
66.1	59.3	[66,69)
49.6	63.7	[48,51)
36.4	31.8	[36,39)
61.2	51.3	[60,63)
45.3	43.7	[45,48)
69.7	71.4	[69,72)
76.5	76.5	[75,78)
47.7	48.7	[45,48)
23.2	35.3	[21,24)
50.9	51.7	[48,51)
30	28.6	[30,33)
59.2	61.8	[57,60)
63.8	67.7	[63,66)
44.9	40.2	[42,45)
23.2	27	[21,24)
54.7	54.3	[54,57)
52.3	54.7	[51,54)
54.4	48.9	[54,57)
49	53	[48,51)
47.5	51.2	[45,48)
40.7	35.1	[39,42)
31.4	34.3	[30,33)
61.9	67.3	[60,63)
47	47.2	[45,48)
25.3	27.6	[24,27)
55.5	59.9	[54,57)
35.7	30.1	[33,36)
49.3	49.4	[48,51)
36.9	34	[36,39)
61.1	53.7	[60,63)
24	29.7	[24,27)
61.2	72.7	[60,63)
35	34.6	[33,36)
49.3	49.1	[48,51)
55	54.7	[54,57)
78.8	71	[78,81)
50.5	36.3	[48,51)
76.2	73.2	[75,78)
18.5	27.6	[18,21)
77.1	74.2	[75,78)
77.5	75.7	[75,78)
37.9	45.7	[36,39)
32.1	31.3	[30,33)
32.3	35	[30,33)
71.4	64.8	[69,72)
18.3	27.1	[18,21)
60.5	68.4	[60,63)
75.1	72.6	[75,78)
44	32.3	[42,45)
56.1	48.1	[54,57)
68.9	72.2	[66,69)
48.8	56.9	[48,51)
22.2	30.7	[21,24)
61.8	64.3	[60,63)
69	70.8	[69,72)
60.6	61.1	[60,63)
44.2	44.3	[42,45)
52.4	54.6	[51,54)
61.4	67.7	[60,63)
43.2	44	[42,45)
57.5	52	[57,60)
33.1	24.4	[33,36)
57.9	49.1	[57,60)
42.7	54	[42,45)
65.5	67.8	[63,66)
51.6	53.3	[51,54)
42.8	52.6	[42,45)
69.9	70.7	[69,72)
47.3	59.1	[45,48)
33.4	33.8	[33,36)
47.1	42.6	[45,48)
59.8	54.4	[57,60)
38.6	32.8	[36,39)
47.1	52.6	[45,48)
43.6	49.5	[42,45)
65.6	62.4	[63,66)
65	65.8	[63,66)
69.4	70.3	[69,72)
72.5	70.1	[72,75)
56.7	55.7	[54,57)
45.7	48.3	[45,48)
56.4	55.9	[54,57)
79	73.9	[78,81)
70.7	68.1	[69,72)
66.5	67.8	[66,69)
72.2	70.2	[72,75)
68.1	70.9	[66,69)
76.4	76.3	[75,78)
63.4	50.9	[63,66)
47.5	54.5	[45,48)
50.9	49.8	[48,51)
45.3	53.1	[45,48)
47.8	54.8	[45,48)
53.3	55.9	[51,54)
51.6	64.7	[51,54)
51	51.1	[51,54)
27.5	35.5	[27,30)
50.1	61	[48,51)
49.3	46.3	[48,51)
45.2	38.9	[45,48)
62.8	59.9	[60,63)
32.2	27	[30,33)
59.3	62	[57,60)
69	71.5	[69,72)
28	29.8	[27,30)
67.1	70.8	[66,69)
48.6	46.5	[48,51)
67.7	74.7	[66,69)
71.1	70.5	[69,72)
42.2	35	[42,45)
54.2	50.7	[54,57)
50.7	56.9	[48,51)
50.4	44.2	[48,51)
63.8	58.7	[63,66)
75.1	67.6	[75,78)
39.4	35.9	[39,42)
74.8	71.7	[72,75)
27.3	23.9	[27,30)
31.6	34.4	[30,33)
78.3	79.4	[78,81)
21.7	30.1	[21,24)
39.4	43.8	[39,42)
81.6	74	[81,84)
39.4	37.7	[39,42)
62.2	69.9	[60,63)
44.6	39.2	[42,45)
52.1	48.8	[51,54)
49.5	46.3	[48,51)
69.1	69.6	[69,72)
58.8	69.1	[57,60)
35.7	41.1	[33,36)
44.7	43	[42,45)
53.4	54.9	[51,54)
41.8	34.6	[39,42)
56.4	56.4	[54,57)
35.8	43.1	[33,36)
50.3	47.2	[48,51)
57.5	66.3	[57,60)
68.8	75.1	[66,69)
39.2	45.9	[39,42)
34.7	33	[33,36)
46.5	43.8	[45,48)
39.7	38.8	[39,42)
76.8	69.9	[75,78)
38.1	40.9	[36,39)
60	72.8	[60,63)
51.2	53.7	[51,54)
40.6	35.5	[39,42)
33.6	26.9	[33,36)
63.7	69.6	[63,66)
22	24.9	[21,24)
23.5	26.2	[21,24)
19.4	25.8	[18,21)
32.6	29.3	[30,33)
64.3	66.5	[63,66)
72.2	71.2	[72,75)
45.1	40	[45,48)
60.5	66.4	[60,63)
47.4	50.1	[45,48)
51.7	37.2	[51,54)
57.6	49.8	[57,60)
29.3	35.2	[27,30)
49.5	44.9	[48,51)
61.4	64.7	[60,63)
68.1	68.6	[66,69)
69.6	72.1	[69,72)
74.8	70.3	[72,75)
80.5	67.7	[78,81)
76.1	72.3	[75,78)
69	68.1	[69,72)
74.9	74	[72,75)
73.9	77.3	[72,75)
31.4	33.8	[30,33)
72.8	76.2	[72,75)
63.7	64.2	[63,66)
36	36.5	[36,39)
34	34.5	[33,36)
65	67	[63,66)
62.3	53	[60,63)
76.8	71.7	[75,78)
62.8	65.1	[60,63)
59.8	67.9	[57,60)
44.2	42.9	[42,45)
50	47.8	[48,51)
52.6	63	[51,54)
46.1	41.1	[45,48)
72.7	71.3	[72,75)
27.5	33.4	[27,30)
72.5	72.2	[72,75)
53.8	51.9	[51,54)
27.5	33.2	[27,30)
66.2	73.9	[66,69)
40.3	34.4	[39,42)
53.9	52.6	[51,54)
40.1	36.8	[39,42)
73.7	63.4	[72,75)
53.1	49	[51,54)
36.5	42	[36,39)
51.6	44.3	[51,54)
43	41.4	[42,45)
56	57.3	[54,57)
19.8	25.3	[18,21)
63.9	66.3	[63,66)
58.8	51.4	[57,60)
53.5	55	[51,54)
49.6	59	[48,51)
27.3	28.4	[27,30)
61.7	54.9	[60,63)
68.5	69.5	[66,69)
58.3	54.5	[57,60)
64	70	[63,66)
74.8	70.4	[72,75)
62.3	66.2	[60,63)
21	27.9	[21,24)
60.2	51.4	[60,63)
66.4	66	[66,69)
43.4	41.2	[42,45)
59.9	56.8	[57,60)
55.4	51.7	[54,57)
43.5	36.2	[42,45)
49.3	38.8	[48,51)
63.3	68.7	[63,66)
26.9	29.7	[24,27)
61.2	67.2	[60,63)
57	62.9	[57,60)
50	54.2	[48,51)
64.9	46.9	[63,66)
62.5	59.9	[60,63)
54.4	44.2	[54,57)
59.6	57.7	[57,60)
31.8	32.9	[30,33)
51.6	50.9	[51,54)
65.6	70.5	[63,66)
31.3	34.8	[30,33)
77.6	69.4	[75,78)
64	58.1	[63,66)
68.6	72.3	[66,69)
73.8	73.9	[72,75)
45.2	47.5	[45,48)
34.3	40.5	[33,36)
46.9	35.5	[45,48)
64.6	64.7	[63,66)
38.6	44.8	[36,39)
48.1	54	[48,51)
44.1	46.5	[42,45)
18.2	31.1	[18,21)
73.8	68.3	[72,75)
43	42.1	[42,45)
66.2	71.2	[66,69)
46	48.4	[45,48)
47.2	38.8	[45,48)
38.2	31	[36,39)
47.8	42.2	[45,48)
30.9	34.5	[30,33)
44.4	50.8	[42,45)
72.9	70.3	[72,75)
68.6	75.9	[66,69)
60.3	66.9	[60,63)
79.2	74.8	[78,81)
65.2	67.9	[63,66)
49.3	51.9	[48,51)
57.9	54.2	[57,60)
38.7	42.1	[36,39)
52.9	52.9	[51,54)
52.7	49.6	[51,54)
56.2	71.8	[54,57)
51.3	53.5	[51,54)
35.4	35.3	[33,36)
30.1	29.4	[30,33)
56	60.4	[54,57)
32.5	38	[30,33)
31.7	31.5	[30,33)
56	56	[54,57)
47.2	45.4	[45,48)
66.4	75	[66,69)
47.3	43.2	[45,48)
73	73	[72,75)
48.7	44.3	[48,51)
50.3	53	[48,51)
57.3	61.6	[57,60)
45.1	48.1	[45,48)
47.8	46.6	[45,48)
36.4	31.6	[36,39)
61.6	64.6	[60,63)
68.2	60.8	[66,69)
42.6	36.5	[42,45)
47.2	43.5	[45,48)
42.1	52.5	[42,45)
54.8	48.2	[54,57)
43.2	39.9	[42,45)
42.4	42	[42,45)
54.8	64.9	[54,57)
32.2	34.9	[30,33)
67.3	70.6	[66,69)
55.6	48.2	[54,57)
29.8	35.4	[27,30)
60.5	65.2	[60,63)
56	47.6	[54,57)
25.2	26.5	[24,27)
62.4	61.2	[60,63)
29.3	32.6	[27,30)
30.4	28.5	[30,33)
52	63	[51,54)
20.3	20.3	[18,21)
48.8	60.2	[48,51)
72.4	68.9	[72,75)
56.1	52.5	[54,57)
37.2	40.9	[36,39)
51.7	53.7	[51,54)
60.6	57.9	[60,63)
55.7	53.8	[54,57)
49.8	47.3	[48,51)
49.7	44.6	[48,51)
77.9	74.9	[75,78)
32.7	35.1	[30,33)
64.5	64.4	[63,66)
51	49.8	[51,54)
65.7	71.6	[63,66)
42	36.8	[42,45)
51	52.5	[51,54)
44.5	45.2	[42,45)
39.3	33.4	[39,42)
58.2	49.7	[57,60)
75.4	70.3	[75,78)
51.5	51.1	[51,54)
59.9	56.3	[57,60)
46.4	55.9	[45,48)
73	73.1	[72,75)
40.9	40.1	[39,42)
68.9	66	[66,69)
35.1	31.6	[33,36)
28.8	34.7	[27,30)
41.8	50.8	[39,42)
63.9	72.3	[63,66)
64.6	73.7	[63,66)
70.4	71.8	[69,72)
50.4	58.8	[48,51)
42.4	46	[42,45)
74.4	66	[72,75)
31.1	33	[30,33)
30.3	35.5	[30,33)
57	58.4	[57,60)
73.1	81	[72,75)
76.4	71.8	[75,78)
68.8	67.1	[66,69)
57.3	64	[57,60)
65.5	69.1	[63,66)
56.5	58.5	[54,57)
46.7	42.2	[45,48)
38.9	31	[36,39)
57.4	54.2	[57,60)
72.3	66.1	[72,75)
57.5	59.7	[57,60)
57.6	57.8	[57,60)
47.3	42.2	[45,48)
51.8	49.6	[51,54)
79.9	73.2	[78,81)
39.4	41.9	[39,42)
53.2	52.4	[51,54)
69.9	74.9	[69,72)
75	77	[75,78)
37.1	31.1	[36,39)
31	29.1	[30,33)
74	70.1	[72,75)
51	48.5	[51,54)
53.1	58	[51,54)
37.4	35.6	[36,39)
40.4	41.1	[39,42)
29.4	31.1	[27,30)
48.1	43.4	[48,51)
45	45.1	[45,48)
46.5	48.1	[45,48)
71.3	73.5	[69,72)
43	38.3	[42,45)
63.6	64.6	[63,66)
35.4	42.9	[33,36)
46.7	40	[45,48)
75.2	73.5	[75,78)
55.2	54.8	[54,57)
55.1	54	[54,57)
74.3	70.9	[72,75)
40.7	38.1	[39,42)
73.7	74.4	[72,75)
38.4	34.1	[36,39)
44.8	45.9	[42,45)
52.9	58.6	[51,54)
68	68.9	[66,69)
44.6	48.9	[42,45)
28.4	29.7	[27,30)
55.3	57.1	[54,57)
40.1	38.4	[39,42)
22.1	26.3	[21,24)
54.9	61.1	[54,57)
43.4	46.9	[42,45)
69.4	72.2	[69,72)
44	55.9	[42,45)
29.4	23.4	[27,30)
67.4	69.6	[66,69)
45.7	45.2	[45,48)
71.6	72	[69,72)
68.4	69.8	[66,69)
55.8	59.8	[54,57)
64.8	71.4	[63,66)
48.1	56.8	[48,51)
75.1	67.8	[75,78)
63.7	72	[63,66)
59.5	54	[57,60)
72.4	74.5	[72,75)
48.6	49.2	[48,51)
63.3	66.7	[63,66)
60.5	63.1	[60,63)
52.5	51.3	[51,54)
51.5	47	[51,54)
26	31	[24,27)
26.7	30.3	[24,27)
63.5	64.7	[63,66)
74.5	74.8	[72,75)
55.4	45.3	[54,57)
34.1	37.7	[33,36)
56.9	53.6	[54,57)
28.5	21.3	[27,30)
37.1	38.2	[36,39)
46.1	43.6	[45,48)
47	51.2	[45,48)
66.5	70.1	[66,69)
32	30.7	[30,33)
66.5	63.6	[66,69)
23.8	29.3	[21,24)
54.3	51.5	[54,57)
40.3	46.3	[39,42)
35.3	27.5	[33,36)
51	49.4	[51,54)
39.7	42.3	[39,42)
22.4	31.5	[21,24)
26.6	37.7	[24,27)
64.6	71.7	[63,66)
49.8	42.7	[48,51)
28.9	31.6	[27,30)
44.1	38.6	[42,45)
70.5	74.9	[69,72)
46.3	43.3	[45,48)
55.2	54.3	[54,57)
36.3	31.7	[36,39)
51.3	51.6	[51,54)
26.1	27.5	[24,27)
23	23.8	[21,24)
72.2	75.3	[72,75)
45.1	33.4	[45,48)
51	50.6	[51,54)
44	47.7	[42,45)
66.1	70.7	[66,69)
83.2	71.1	[81,84)
68.7	64.9	[66,69)
23.3	22.4	[21,24)
65.9	72.5	[63,66)
41.3	49.3	[39,42)
49.9	39.8	[48,51)
47.7	49.5	[45,48)
53.5	55.1	[51,54)
72.7	75.9	[72,75)
27.1	27.1	[27,30)
51.4	56.5	[51,54)
64.2	68.5	[63,66)
62.9	68.1	[60,63)
45.3	41.2	[45,48)
61.9	31	[60,63)
72.4	76.2	[72,75)
27	27.7	[27,30)
79.1	72.1	[78,81)
56.4	54.6	[54,57)
56	52.1	[54,57)
34.9	41.3	[33,36)
37.2	36.9	[36,39)
50	42.9	[48,51)
68.7	75.2	[66,69)
47.9	38.1	[45,48)
41.4	47.1	[39,42)
66.6	67.6	[66,69)
52.2	42.8	[51,54)
48.7	53.1	[48,51)
64.4	72.6	[63,66)
73.6	62.9	[72,75)
62.4	66.9	[60,63)
56.4	56.1	[54,57)
44.9	47.8	[42,45)
44.9	43.4	[42,45)
27.2	31.8	[27,30)
28.7	34.6	[27,30)
52.5	45	[51,54)
55.9	56.7	[54,57)
74.3	69.5	[72,75)
29	39.4	[27,30)
41.1	41.5	[39,42)
56.9	47.5	[54,57)
64.3	54.3	[63,66)
46.9	55.6	[45,48)
47.9	53.1	[45,48)
62.3	73.5	[60,63)
58.5	66.5	[57,60)
42.1	44.8	[42,45)
71	76.9	[69,72)
36.7	43.2	[36,39)
22.1	27.1	[21,24)
64.2	63	[63,66)
59	65.6	[57,60)
70.5	69.5	[69,72)
38.1	31.1	[36,39)
42.5	41.3	[42,45)
58.3	54.7	[57,60)
68	64.4	[66,69)
58.5	66.1	[57,60)
80.6	73.9	[78,81)
75.6	71.8	[75,78)
29.8	31.7	[27,30)
66	70.5	[66,69)
53.6	55.8	[51,54)
65.7	66.4	[63,66)
62.7	67.4	[60,63)
46.3	44.4	[45,48)
69.7	64.6	[69,72)
54	43.8	[54,57)
58.1	52.1	[57,60)
50	48.6	[48,51)
74.7	73.1	[72,75)
43.5	30	[42,45)
44	41.3	[42,45)
54.6	56	[54,57)
69.8	68.2	[69,72)
55.8	67.4	[54,57)
32.2	34.4	[30,33)
49.9	55	[48,51)
42.6	43.8	[42,45)
61	36	[60,63)
41.8	38.2	[39,42)
51.6	52	[51,54)
35.2	34.4	[33,36)
28.2	40.1	[27,30)
31.4	34	[30,33)
42.3	43.3	[42,45)
60.8	56.1	[60,63)
47.9	51.8	[45,48)
60.7	49.7	[60,63)
64.7	67.4	[63,66)
51.1	57.9	[51,54)
63.9	66.4	[63,66)
52.3	57	[51,54)
65.2	63.5	[63,66)
68.3	69.6	[66,69)
45.1	49.1	[45,48)
72.1	63.4	[72,75)
73.8	67.7	[72,75)
49.8	54.4	[48,51)
62.6	64.5	[60,63)
45.2	46.7	[45,48)
75.3	69.6	[75,78)
57.4	53.2	[57,60)
39.7	43.5	[39,42)
51.4	48.4	[51,54)
23.1	23.6	[21,24)
33.1	26.4	[33,36)
57	53.3	[57,60)
77	73.3	[75,78)
64.3	68.7	[63,66)
22.8	25.3	[21,24)
66.3	72.2	[66,69)
31.4	31.2	[30,33)
36.2	29.7	[36,39)
65.9	66.8	[63,66)
50	47.9	[48,51)
55.6	51	[54,57)
76.8	68.2	[75,78)
38.9	48.6	[36,39)
43.3	41.4	[42,45)
29.9	30.6	[27,30)
25.7	35.2	[24,27)
34.9	34	[33,36)
38.8	33.9	[36,39)
48	53.9	[48,51)
53	56.1	[51,54)
68.9	74.6	[66,69)
58.6	55.5	[57,60)
61.1	52.1	[60,63)
42.4	38.4	[42,45)
84.3	71.4	[84,87)
49	61.3	[48,51)
69.7	68.3	[69,72)
45.9	56.2	[45,48)
62	51.1	[60,63)
74.7	73.8	[72,75)
58.4	57.7	[57,60)
44.5	37.5	[42,45)
53.4	56.8	[51,54)
70.1	73.2	[69,72)
48.2	48.5	[48,51)
60.9	55.5	[60,63)
58	54.9	[57,60)
42.7	42.9	[42,45)
40.9	42.1	[39,42)
67	65.5	[66,69)
48.4	54.2	[48,51)
70.6	73.2	[69,72)
23.8	31.2	[21,24)
22.9	27.9	[21,24)
61.7	52	[60,63)
68.6	72.6	[66,69)
26.8	23.1	[24,27)
57.7	50.1	[57,60)
63.9	56.2	[63,66)
50.4	45.1	[48,51)
68.2	68	[66,69)
45.7	54.6	[45,48)
49.2	51.1	[48,51)
68.5	73.3	[66,69)
60.9	66.4	[60,63)
30.3	22.4	[30,33)
51.7	40.1	[51,54)
50.1	47.2	[48,51)
61	51.5	[60,63)
35.6	36.4	[33,36)
77.2	68.6	[75,78)
58.2	61.8	[57,60)
74.3	70	[72,75)
38.1	36.1	[36,39)
45.6	46.8	[45,48)
41.1	40	[39,42)
29.3	30.3	[27,30)
43.6	40.8	[42,45)
63.7	61.5	[63,66)
45.9	50.1	[45,48)
74.2	76.6	[72,75)
60.6	72.9	[60,63)
44.6	49.6	[42,45)
40.9	38.6	[39,42)
50.9	52.6	[48,51)
36.6	37.8	[36,39)
70.1	62.8	[69,72)
72	67.5	[72,75)
50.6	43.4	[48,51)
69	66	[69,72)
49.8	54.4	[48,51)
36.1	35.4	[36,39)
45	55.1	[45,48)
42.9	51.1	[42,45)
62.7	57	[60,63)
43.4	49.9	[42,45)
29	29.6	[27,30)
45.1	64.9	[45,48)
49.2	43.6	[48,51)
45.6	44.9	[45,48)
49.8	45	[48,51)
21.2	26.5	[21,24)
69.6	73.9	[69,72)
74.9	65.4	[72,75)
48.2	47	[48,51)
68.6	68.4	[66,69)
56.3	53.4	[54,57)
43.7	41.9	[42,45)
43.5	48.1	[42,45)
22.4	24	[21,24)
53.2	50.9	[51,54)
21.6	33.4	[21,24)
52.5	43.8	[51,54)
45.3	59.1	[45,48)
73.5	70.5	[72,75)
72.3	75.5	[72,75)
57	52.8	[57,60)
25.7	30.9	[24,27)
74.6	71.8	[72,75)
40.7	38.6	[39,42)
52.1	50.6	[51,54)
38.1	37.3	[36,39)
71.6	78.3	[69,72)
53.1	51	[51,54)
77.5	73.7	[75,78)
31.1	31.6	[30,33)
71	58.3	[69,72)
63.9	65.9	[63,66)
36.5	35.3	[36,39)
70.5	76.8	[69,72)
49.6	58.7	[48,51)
34.9	38.2	[33,36)
56	52.8	[54,57)
47	52.1	[45,48)
22.9	29.5	[21,24)
48.5	43.5	[48,51)
69.1	73.7	[69,72)
37.3	35.6	[36,39)
47.8	38	[45,48)
28.9	36.7	[27,30)
68.1	62.5	[66,69)
38.3	31	[36,39)
50.4	45.7	[48,51)
64.5	73	[63,66)
45.1	47.9	[45,48)
44.5	47.5	[42,45)
67	67.4	[66,69)
45.9	47.9	[45,48)
48.4	50.3	[48,51)
45	50.1	[45,48)
41.6	42.8	[39,42)
59.8	69.3	[57,60)
75.2	72.1	[75,78)
59.5	46.1	[57,60)
58.8	63	[57,60)
50.7	49.4	[48,51)
65.2	72.9	[63,66)
47.3	52.6	[45,48)
54.9	58.9	[54,57)
70.1	62.3	[69,72)
39.8	54.9	[39,42)
72.5	70.7	[72,75)
38.6	38.9	[36,39)
40.5	52.2	[39,42)
61.6	66.7	[60,63)
30.9	34.6	[30,33)
60.1	57.4	[60,63)
45.7	47	[45,48)
66.3	65.5	[66,69)
47.5	53	[45,48)
71.4	70.1	[69,72)
44.3	47.9	[42,45)
36	41.3	[36,39)
50.9	43	[48,51)
66.1	69.1	[66,69)
60.9	52.2	[60,63)
38.4	36.7	[36,39)
72.6	65.8	[72,75)
45.3	50.3	[45,48)
51.4	54	[51,54)
51.2	48.5	[51,54)
31.4	24.6	[30,33)
36	39	[36,39)
63.2	73	[63,66)
37.9	32.6	[36,39)
59.4	51	[57,60)
48.8	51.5	[48,51)
66.2	77.1	[66,69)
30.3	26.1	[30,33)
55.8	57.2	[54,57)
40.2	44.2	[39,42)
51.1	57.9	[51,54)
48	45.5	[48,51)
75.1	78.2	[75,78)
51.9	45.5	[51,54)
40.9	46.3	[39,42)
62.5	63.3	[60,63)
56.9	62.5	[54,57)
52.4	54.7	[51,54)
69.6	73	[69,72)
66.6	62.9	[66,69)
46.4	49.2	[45,48)
55.4	62.4	[54,57)
38.7	60.5	[36,39)
34.3	27.2	[33,36)
30.4	28.2	[30,33)
46.3	61.9	[45,48)
18	21.8	[18,21)
68.2	67.9	[66,69)
38.8	35.6	[36,39)
47.9	46.2	[45,48)
61.6	51.8	[60,63)
58.4	59.7	[57,60)
41.9	42.7	[39,42)
49.8	45.4	[48,51)
66.5	62.6	[66,69)
66.4	60.4	[66,69)
53.8	54.1	[51,54)
37	29	[36,39)
58.8	62.7	[57,60)
72.4	71.9	[72,75)
54.8	45.2	[54,57)
44.5	39.3	[42,45)
46.1	42.9	[45,48)
62.7	57.1	[60,63)
55.3	52.7	[54,57)
72.1	70.5	[72,75)
35.5	38.2	[33,36)
57.1	53	[57,60)
65.8	69.1	[63,66)
27.2	21.5	[27,30)
40.8	40.5	[39,42)
34.1	41.2	[33,36)
73.1	74.9	[72,75)
50.1	55.1	[48,51)
52	49.2	[51,54)
60.4	67.3	[60,63)
78.8	78.5	[78,81)
75.8	71.9	[75,78)
65.2	69.7	[63,66)
48.2	44.1	[48,51)
39.5	46.2	[39,42)
46	38	[45,48)
45.9	50	[45,48)
62.4	68.2	[60,63)
33.6	31	[33,36)
43	49	[42,45)
64.4	58.8	[63,66)
68.2	71.9	[66,69)
51.6	48.5	[51,54)
64.9	65.2	[63,66)
49.1	47	[48,51)
46.3	54	[45,48)
79.9	77.8	[78,81)
70.2	71.3	[69,72)
49.5	49.1	[48,51)
52.6	51.1	[51,54)
50.6	55.5	[48,51)
55.8	55.7	[54,57)
31.6	18.6	[30,33)
78.1	75.3	[78,81)
59.6	69.5	[57,60)
69.1	65	[69,72)
64.7	64.8	[63,66)
58.2	52.6	[57,60)
36.9	40.4	[36,39)
45.7	43.3	[45,48)
73.3	73.1	[72,75)
43.1	47.1	[42,45)
36.8	36.7	[36,39)
77.2	73.6	[75,78)
74.3	70.3	[72,75)
46.9	46.3	[45,48)
63	74.9	[63,66)
31.1	24.2	[30,33)
38.2	35.3	[36,39)
41.5	42.2	[39,42)
69.4	76.2	[69,72)
29.3	30.4	[27,30)
42.5	43.1	[42,45)
27	27.6	[27,30)
45	47.2	[45,48)
25.5	32.6	[24,27)
35.8	33.7	[33,36)
34.7	31	[33,36)
74.1	72.5	[72,75)
74.9	75.9	[72,75)
79.2	79.5	[78,81)
22.3	22	[21,24)
62.8	61	[60,63)
51	58.4	[51,54)
55.9	50	[54,57)
46.9	51.7	[45,48)
71.5	73.6	[69,72)
49.4	46.4	[48,51)
49.5	51.1	[48,51)
43.8	49.9	[42,45)
71.1	71.2	[69,72)
51.4	49.6	[51,54)
69.1	72.4	[69,72)
56.8	52.8	[54,57)
47.7	49.9	[45,48)
54.7	43.7	[54,57)
65.5	61.7	[63,66)
59.7	65.8	[57,60)
63.2	66.1	[63,66)
49.4	46.5	[48,51)
37.7	30.1	[36,39)
23.2	28.7	[21,24)
50.5	49	[48,51)
58.6	52.4	[57,60)
51.1	63.9	[51,54)
70.2	67	[69,72)
58.9	54.7	[57,60)
45.6	45.4	[45,48)
31.8	36.1	[30,33)
32.5	33.9	[30,33)
27.3	29.2	[27,30)
44.4	44.4	[42,45)
45.5	45	[45,48)
73.8	70.2	[72,75)
52.9	50.1	[51,54)
33.1	36.6	[33,36)
71.9	78.3	[69,72)
56.1	49	[54,57)
43.3	46.9	[42,45)
70.5	74.7	[69,72)
33	36.5	[33,36)
48.2	46.3	[48,51)
36.8	35.1	[36,39)
24	25.6	[24,27)
36.5	51.8	[36,39)
51.6	57.7	[51,54)
33.6	28.7	[33,36)
75.8	73.1	[75,78)
45.3	51.7	[45,48)
39.4	36.8	[39,42)
30.3	38.5	[30,33)
71.3	58.2	[69,72)
46.2	54.4	[45,48)
40.5	35.8	[39,42)
74.8	72.6	[72,75)
37.6	29.7	[36,39)
35	22.8	[33,36)
57.1	58.4	[57,60)
72.5	65.3	[72,75)
68.6	69.4	[66,69)
25.4	31.3	[24,27)
46.3	47.4	[45,48)
40.9	40.6	[39,42)
64.3	69.2	[63,66)
50.4	44.4	[48,51)
51.8	52.3	[51,54)
57.8	58.5	[57,60)
55.8	58.9	[54,57)
47.6	50.7	[45,48)
52.5	53.7	[51,54)
52.1	56.2	[51,54)
56.9	52.8	[54,57)
54.7	60.9	[54,57)
62	67	[60,63)
43.9	43.2	[42,45)
52.9	47.6	[51,54)
73.5	66.4	[72,75)
50.7	55.3	[48,51)
71.4	72.8	[69,72)
22.2	29.5	[21,24)
61.2	61.9	[60,63)
40.4	38.7	[39,42)
73.6	72.1	[72,75)
65.9	68.8	[63,66)
42.3	45.4	[42,45)
54.3	47.6	[54,57)
37.1	48.5	[36,39)
50.3	51.4	[48,51)
69.3	67.3	[69,72)
64.3	67	[63,66)
73.3	78.8	[72,75)
73.5	70.9	[72,75)
48.5	50	[48,51)
61.2	59.5	[60,63)
54.9	51.7	[54,57)
53.2	59	[51,54)
64	78	[63,66)
40.6	42	[39,42)
39.4	33.1	[39,42)
47.4	42.5	[45,48)
36.2	30.5	[36,39)
63.9	61.2	[63,66)
24	30.6	[24,27)
69.6	64.1	[69,72)
40	34.6	[39,42)
68.3	60	[66,69)
32.3	28.4	[30,33)
35.8	24.2	[33,36)
52.9	57.5	[51,54)
56.7	55.9	[54,57)
68.7	70.7	[66,69)
71.9	76.3	[69,72)
55.7	51.3	[54,57)
49.8	48.1	[48,51)
68.7	64.2	[66,69)
73.1	73.6	[72,75)
44.6	47.5	[42,45)
57.5	53.1	[57,60)
47.1	46.7	[45,48)
38.1	47.4	[36,39)
43.3	47.6	[42,45)
64.2	62.4	[63,66)
27.7	30.1	[27,30)
47.8	52.3	[45,48)
73.2	77.8	[72,75)
38.1	31.5	[36,39)
39.4	43.4	[39,42)
36.3	28.5	[36,39)
63.2	61.5	[63,66)
55.7	52.4	[54,57)
46.6	40.4	[45,48)
75.9	73.6	[75,78)
30.5	37.2	[30,33)
33.3	37.2	[33,36)
44.7	33.8	[42,45)
25.4	23.7	[24,27)
42.1	47.8	[42,45)
27.9	26.2	[27,30)
72.6	73.3	[72,75)
55.5	63.6	[54,57)
68.7	72.6	[66,69)
67.5	67.5	[66,69)
33.8	31.2	[33,36)
36	37.2	[36,39)
40.3	44.8	[39,42)
48.1	46.3	[48,51)
49.1	52.7	[48,51)
24.4	23.4	[24,27)
51.1	58.6	[51,54)
60.7	58.7	[60,63)
51	50.4	[51,54)
25.7	29.6	[24,27)
54.2	55.6	[54,57)
40.7	44.2	[39,42)
42.7	45	[42,45)
30.8	31.6	[30,33)
33.9	40.9	[33,36)
60.8	67	[60,63)
39.5	38.9	[39,42)
59.4	66.6	[57,60)
62.3	70.1	[60,63)
38.3	31.6	[36,39)
46.9	50.5	[45,48)
59.4	71.8	[57,60)
45.5	40	[45,48)
43.5	34.5	[42,45)
35.2	31.1	[33,36)
48.7	39	[48,51)
69.5	73	[69,72)
34.8	38.1	[33,36)
45.7	42.5	[45,48)
47.4	48.7	[45,48)
55.4	65.3	[54,57)
43.4	37.7	[42,45)
67.6	75.8	[66,69)
59.4	57	[57,60)
27.6	29.2	[27,30)
54.2	47	[54,57)
59.7	57.3	[57,60)
42.3	41.1	[42,45)
47.9	52.4	[45,48)
24.6	32.1	[24,27)
55.1	51.9	[54,57)
36.8	48.3	[36,39)
65.3	62.5	[63,66)
37.2	40	[36,39)
64.5	52.2	[63,66)
47.7	41.4	[45,48)
57.3	55.8	[57,60)
74.9	67.5	[72,75)
74.8	73	[72,75)
57.1	54	[57,60)
46.8	36.9	[45,48)
39.9	48.7	[39,42)
49.8	51.2	[48,51)
61.2	58.1	[60,63)
62.1	56.1	[60,63)
57.9	53.9	[57,60)
33.3	39.3	[33,36)
32.5	31.9	[30,33)
69.7	65.8	[69,72)
67.7	63.1	[66,69)
64.7	77.1	[63,66)
63.7	58.4	[63,66)
74.5	70.3	[72,75)
46.1	55.5	[45,48)
31.6	37.5	[30,33)
80.8	79.2	[78,81)
70.6	68	[69,72)
33.9	32.1	[33,36)
25.7	32.6	[24,27)
53.9	54	[51,54)
18.6	22.7	[18,21)
44.8	43	[42,45)
26.4	32.2	[24,27)
66.9	65.8	[66,69)
62	71.8	[60,63)
65.5	68.7	[63,66)
35.1	32	[33,36)
71	67	[69,72)
37.3	40	[36,39)
74.1	67	[72,75)
55.4	54.8	[54,57)
46.3	42.6	[45,48)
50.1	51.2	[48,51)
73.4	74.4	[72,75)
73.5	70.7	[72,75)
42.5	36.2	[42,45)
69.4	73.8	[69,72)
63.4	66.7	[63,66)
23.5	29.2	[21,24)
60.6	68.9	[60,63)
71	77	[69,72)
53.8	48.9	[51,54)
62.5	69.4	[60,63)
73	69	[72,75)
66.8	50.3	[66,69)
56.1	53.6	[54,57)
24.1	28.5	[24,27)
19	20.9	[18,21)
53.4	62.1	[51,54)
62.5	69.3	[60,63)
37.7	35.9	[36,39)
74.2	75.2	[72,75)
30.4	27.9	[30,33)
39.6	48.8	[39,42)
50.8	58.1	[48,51)
71.3	67.9	[69,72)
71.9	76	[69,72)
36.6	38	[36,39)
74.6	74.6	[72,75)
59.5	59.7	[57,60)
45.8	56	[45,48)
44.3	50.2	[42,45)
71.2	68.7	[69,72)
51.1	43.9	[51,54)
30.8	39.1	[30,33)
47.7	44.5	[45,48)
49.2	54.4	[48,51)
70.1	73.9	[69,72)
49.2	50.9	[48,51)
55.4	50.8	[54,57)
50	44.9	[48,51)
48.9	63.6	[48,51)
37.7	44.8	[36,39)
69	48.4	[69,72)
44.9	42.4	[42,45)
41.8	31.6	[39,42)
67.9	51	[66,69)
55.7	63.4	[54,57)
44.2	46.2	[42,45)
57.2	52.4	[57,60)
71.4	70.3	[69,72)
42.1	39.6	[42,45)
39.3	40.8	[39,42)
48.1	54.5	[48,51)
48.9	48.2	[48,51)
46.5	49.1	[45,48)
51.9	51.6	[51,54)
23.8	27.1	[21,24)
60.5	66.7	[60,63)
35.5	36.2	[33,36)
76.6	76.2	[75,78)
36.2	38.1	[36,39)
70.3	76.3	[69,72)
47.1	53.5	[45,48)
35.8	43.2	[33,36)
63.9	55.5	[63,66)
51.7	53.5	[51,54)
37.2	34.6	[36,39)
18.2	22.8	[18,21)
33.7	41.2	[33,36)
34.3	33.1	[33,36)
46.8	36.5	[45,48)
25.7	32.4	[24,27)
49.3	59.3	[48,51)
61.1	65.9	[60,63)
41.8	48.8	[39,42)
47.6	34.1	[45,48)
68.1	72.6	[66,69)
52.3	52.9	[51,54)
45.8	45.6	[45,48)
53.4	53	[51,54)
27.9	40.5	[27,30)
59.5	61.7	[57,60)
37.3	27.5	[36,39)
48.4	53.6	[48,51)
44.1	49.3	[42,45)
78.2	72.5	[78,81)
76.4	70.3	[75,78)
65.7	62.1	[63,66)
64.4	66.9	[63,66)
52.9	54.8	[51,54)
69.5	72.4	[69,72)
72	69.4	[72,75)
80	74.3	[78,81)
33.5	33	[33,36)
43.5	47.4	[42,45)
55.8	44.9	[54,57)
52.2	51.1	[51,54)
46.7	53.6	[45,48)
72	76	[72,75)
60.2	58.5	[60,63)
51.4	49.4	[51,54)
60.8	66.9	[60,63)
77	70.7	[75,78)
35.5	33.4	[33,36)
68.4	70.6	[66,69)
64.2	69.7	[63,66)
53.8	48.7	[51,54)
62.5	64.3	[60,63)
38.1	43.6	[36,39)
59.7	61.3	[57,60)
60.3	64.7	[60,63)
38.2	45.3	[36,39)
60.4	49.7	[60,63)
56.5	55.3	[54,57)
39.2	29.4	[39,42)
35.7	38.1	[33,36)
70.3	64.3	[69,72)
73.4	71.9	[72,75)
64.5	61.7	[63,66)
42.7	50.8	[42,45)
53.4	57.1	[51,54)
69.3	73.3	[69,72)
49.6	48	[48,51)
42.3	42.3	[42,45)
38.5	45.1	[36,39)
50.6	48.5	[48,51)
54.4	60.9	[54,57)
40.4	38.3	[39,42)
37.1	38	[36,39)
61.3	62	[60,63)
25	32.5	[24,27)
61.6	51.6	[60,63)
55.4	53.9	[54,57)
50.4	46.2	[48,51)
47.2	52.2	[45,48)
57.8	57.9	[57,60)
39.8	36.3	[39,42)
32.6	35.5	[30,33)
67	76.6	[66,69)
76.3	69.4	[75,78)
75.6	73.7	[75,78)
62.7	48.2	[60,63)
31.8	31.9	[30,33)
34.9	37.9	[33,36)
54.4	52.4	[54,57)
62.1	65.9	[60,63)
51.4	52.2	[51,54)
70.7	75.1	[69,72)
44.1	44	[42,45)
50.1	53.5	[48,51)
53.7	41.9	[51,54)
31.9	29.7	[30,33)
52	44.7	[51,54)
72	67.9	[72,75)
46.3	54.5	[45,48)
65.8	66.2	[63,66)
29.1	32.6	[27,30)
52.6	55.6	[51,54)
34.5	32.4	[33,36)
65.8	60.6	[63,66)
44.5	40.6	[42,45)
57.4	70.8	[57,60)
37.8	35.5	[36,39)
51.6	50.4	[51,54)
44.3	41.1	[42,45)
24	27	[24,27)
35.7	35.9	[33,36)
53.6	52.1	[51,54)
41.6	40.5	[39,42)
56.3	54.6	[54,57)
67.6	73.8	[66,69)
35	38.4	[33,36)
35.6	36.7	[33,36)
33.3	38.8	[33,36)
56.6	51.7	[54,57)
54.9	55.5	[54,57)
66.4	75.7	[66,69)
59.6	51.7	[57,60)
49.2	61.2	[48,51)
73.2	71.4	[72,75)
29.5	23.1	[27,30)
64.3	66.9	[63,66)
50.1	49	[48,51)
63.7	66	[63,66)
75.9	69.9	[75,78)
62.7	68.3	[60,63)
54.5	59	[54,57)
36	32.8	[36,39)
75.4	74.8	[75,78)
77.4	74.1	[75,78)
57.6	48.3	[57,60)
56.9	70.8	[54,57)
63.7	50.2	[63,66)
67.5	67.3	[66,69)
26.2	20.3	[24,27)
45	43.8	[45,48)
59.3	65.1	[57,60)
30.3	35.2	[30,33)
29.2	38.5	[27,30)
53.8	53.9	[51,54)
70	73.8	[69,72)
69.4	76.5	[69,72)
77.3	70.8	[75,78)
70.6	74.7	[69,72)
59.9	64.2	[57,60)
57.2	64.7	[57,60)
53.4	48	[51,54)
32.5	30.4	[30,33)
60.8	58.1	[60,63)
61.5	65.4	[60,63)
59.7	76	[57,60)
35	44.6	[33,36)
67.5	68.7	[66,69)
32	34.6	[30,33)
38.1	42.8	[36,39)
71.5	73.8	[69,72)
39.3	31.6	[39,42)
68.2	73	[66,69)
59.4	51.8	[57,60)
45.2	45.5	[45,48)
58.2	62.6	[57,60)
71.2	74.5	[69,72)
69.1	73.2	[69,72)
30.5	35.2	[30,33)
73.8	74.4	[72,75)
61.9	62	[60,63)
28.6	37.9	[27,30)
51.2	53.5	[51,54)
74.6	67.3	[72,75)
37.2	45.1	[36,39)
37.7	41.9	[36,39)
76.9	72.9	[75,78)
29.2	38	[27,30)
53	52	[51,54)
66.4	63	[66,69)
52.9	49.5	[51,54)
71.7	70.4	[69,72)
75.4	67.5	[75,78)
50.9	49.9	[48,51)
34.2	33.5	[33,36)
36	28.7	[36,39)
43.1	49.8	[42,45)
31.9	32.9	[30,33)
61.2	61.7	[60,63)
59.3	62.1	[57,60)
55.8	58.8	[54,57)
35.9	35	[33,36)
69.8	63.4	[69,72)
37.5	41.7	[36,39)
67.2	74.1	[66,69)
49.3	50.3	[48,51)
29.9	25.2	[27,30)
20.1	24.7	[18,21)
39.6	52.5	[39,42)
67.1	71	[66,69)
53.8	45.6	[51,54)
70.7	69.3	[69,72)
39.3	32.8	[39,42)
68.8	72.3	[66,69)
62.1	58.7	[60,63)
44.6	58.9	[42,45)
45	46	[45,48)
28.6	25.8	[27,30)
48.3	49.6	[48,51)
51.7	59.1	[51,54)
43	43.4	[42,45)
31.9	34.6	[30,33)
62.9	62.2	[60,63)
34.3	38	[33,36)
39.7	53.4	[39,42)
59.7	57	[57,60)
41.8	39.8	[39,42)
42.4	38.9	[42,45)
58.1	45.5	[57,60)
45.6	38.4	[45,48)
29.9	24.1	[27,30)
73.8	66.2	[72,75)
28.5	33.7	[27,30)
67.5	67.8	[66,69)
26.9	23.3	[24,27)
39.2	46.8	[39,42)
42.9	43.9	[42,45)
26.5	22	[24,27)
49.5	49.9	[48,51)
48.7	50.3	[48,51)
54.8	51.6	[54,57)
38.1	37.8	[36,39)
42.9	38.7	[42,45)
46.3	43.2	[45,48)
62.1	64.2	[60,63)
46.8	43.5	[45,48)
50.8	48.7	[48,51)
45.5	41.7	[45,48)
36.5	31.9	[36,39)
27.9	31	[27,30)
79.7	67.7	[78,81)
57.6	58.8	[57,60)
59.2	69.5	[57,60)
37.6	34.9	[36,39)
64.7	64.5	[63,66)
50.6	55.9	[48,51)
63.7	68.6	[63,66)
81.1	77.9	[81,84)
72.7	73.5	[72,75)
40.3	31.7	[39,42)
34.4	28.5	[33,36)
56	55.7	[54,57)
56.4	41.3	[54,57)
68.8	69.1	[66,69)
36.6	32.3	[36,39)
39.2	33.9	[39,42)
73.2	72.3	[72,75)
52.1	57	[51,54)
53.1	32.7	[51,54)
52.5	58.4	[51,54)
34.6	31.8	[33,36)
56.5	51.3	[54,57)
69.7	70.7	[69,72)
47.4	46.7	[45,48)
21.2	31.4	[21,24)
46.1	35.9	[45,48)
61.7	61.9	[60,63)
35.2	39.4	[33,36)
38.3	48.3	[36,39)
61.6	51	[60,63)
63	68.4	[63,66)
40.1	49.4	[39,42)
59.3	55.2	[57,60)
71.7	71.1	[69,72)
21.1	20.4	[21,24)
44.4	43.9	[42,45)
80	68.5	[78,81)
58.8	69	[57,60)
46.8	50.2	[45,48)
62.4	72.8	[60,63)
53.5	46.2	[51,54)
65.8	70.3	[63,66)
34.5	31.8	[33,36)
52.1	54.6	[51,54)
46.6	57.8	[45,48)
30.8	31.5	[30,33)
44.9	56	[42,45)
65.9	68.2	[63,66)
63.8	58.4	[63,66)
37.4	33.3	[36,39)
31.2	33.8	[30,33)
62.6	63.7	[60,63)
22.8	26	[21,24)
72.2	73.2	[72,75)
36.3	36.1	[36,39)
47	48.4	[45,48)
51.8	47.5	[51,54)
42.7	40.3	[42,45)
33.5	38.7	[33,36)
59.7	54.1	[57,60)
39.2	48.7	[39,42)
32.7	36	[30,33)
56.5	58.4	[54,57)
59.1	53.6	[57,60)
40.1	55	[39,42)
29.1	33	[27,30)
52.7	48.6	[51,54)
70.5	71.5	[69,72)
69.6	68.7	[69,72)
51.2	43.2	[51,54)
43.2	45.6	[42,45)
45.6	52.2	[45,48)
31.2	25	[30,33)
69.4	69.7	[69,72)
22.6	24.7	[21,24)
75.6	68.4	[75,78)
44.4	39.3	[42,45)
60.7	64.8	[60,63)
24.1	28	[24,27)
59.4	61.4	[57,60)
50	47.7	[48,51)
33.7	43.3	[33,36)
55.9	55.7	[54,57)
50.5	53.3	[48,51)
77	74.9	[75,78)
55	56.6	[54,57)
46.3	44.8	[45,48)
65.7	70.2	[63,66)
64.5	76.6	[63,66)
49.6	47.6	[48,51)
24	26.4	[24,27)
65.9	58.6	[63,66)
39.1	39.9	[39,42)
52.2	61.4	[51,54)
29	31.4	[27,30)
39.6	42	[39,42)
76.1	72.1	[75,78)
57.5	61	[57,60)
27.6	35.6	[27,30)
71.2	68.9	[69,72)
58.4	65.2	[57,60)
46.4	43.5	[45,48)
60.3	68.2	[60,63)
44.2	38.4	[42,45)
43.8	47.2	[42,45)
68.3	73.5	[66,69)
41.4	49.7	[39,42)
38.7	36.9	[36,39)
64	67.4	[63,66)
37.8	41.1	[36,39)
49	49.7	[48,51)
38.1	45.2	[36,39)
34.7	35.1	[33,36)
65.9	61.3	[63,66)
39.8	38.6	[39,42)
64.1	69.5	[63,66)
55	57.1	[54,57)
60	49.9	[60,63)
50.7	45.1	[48,51)
60	51.2	[60,63)
63.4	68.3	[63,66)
71.9	72.9	[69,72)
55.5	48.1	[54,57)
34	40.7	[33,36)
61.1	61.6	[60,63)
55.4	48.6	[54,57)
62.7	63.6	[60,63)
44.1	51.6	[42,45)
71.9	75.2	[69,72)
45.4	47.8	[45,48)
60.5	64.9	[60,63)
48.6	51.8	[48,51)
60.7	56.9	[60,63)
67.1	68.9	[66,69)
51.1	52.8	[51,54)
40.8	46	[39,42)
38.1	35.3	[36,39)
61.9	64.9	[60,63)
59.9	57.5	[57,60)
38.6	41.4	[36,39)
46.9	46.7	[45,48)
59.9	59.4	[57,60)
49.8	57.2	[48,51)
33.3	24.4	[33,36)
50.5	55.8	[48,51)
68.8	71.2	[66,69)
68.4	66.6	[66,69)
48	45.2	[48,51)
37	38.8	[36,39)
63	62.4	[63,66)
72.9	76.1	[72,75)
37.5	41.6	[36,39)
76.1	70.5	[75,78)
67.2	68.1	[66,69)
67.6	72.6	[66,69)
56.3	65.4	[54,57)
31.1	32.2	[30,33)
68.8	66.8	[66,69)
64.6	58.7	[63,66)
29.5	30.7	[27,30)
58.7	63.1	[57,60)
74.2	73	[72,75)
77.7	68.4	[75,78)
34.5	33.7	[33,36)
71.1	59.8	[69,72)
64.1	68.9	[63,66)
55.5	53	[54,57)
46.4	49	[45,48)
65.8	63.5	[63,66)
43.7	46.3	[42,45)
80.7	72.7	[78,81)
72.5	70.3	[72,75)
35.4	29.5	[33,36)
51.5	44.3	[51,54)
56.3	61.9	[54,57)
61.9	54.6	[60,63)
48.9	48.8	[48,51)
57.3	52.4	[57,60)
58.1	58.4	[57,60)
58	56.6	[57,60)
47.1	43.9	[45,48)
52.2	55.6	[51,54)
27.2	30.8	[27,30)
57.8	46.1	[57,60)
68.3	65.6	[66,69)
69.4	69.2	[69,72)
33	39	[33,36)
75.4	68.1	[75,78)
51.6	53.9	[51,54)
69.3	71.9	[69,72)
47.1	36.9	[45,48)
28.4	33	[27,30)
68.1	63.9	[66,69)
37.4	32.6	[36,39)
41.2	43.8	[39,42)
44.6	35.2	[42,45)
62.4	65	[60,63)
72.2	63.3	[72,75)
54	61.6	[54,57)
53.7	48.7	[51,54)
72	66.8	[72,75)
48.6	57.6	[48,51)
27.1	29.3	[27,30)
48.9	42.9	[48,51)
61.5	51.8	[60,63)
51.4	53.8	[51,54)
28.5	35.5	[27,30)
49.6	57.2	[48,51)
49	54.2	[48,51)
56.3	52.5	[54,57)
53.1	55.3	[51,54)
37	37.2	[36,39)
50	51	[48,51)
48	54.8	[48,51)
72.1	70.4	[72,75)
67.7	63.9	[66,69)
81.2	73.1	[81,84)
36.5	29	[36,39)
50.5	46.4	[48,51)
62.9	70.9	[60,63)
72.3	70.1	[72,75)
34.3	40.8	[33,36)
50.3	42.1	[48,51)
34.4	35.8	[33,36)
68.9	67	[66,69)
61.4	64.8	[60,63)
42.7	42.5	[42,45)
50.7	49.5	[48,51)
72.8	69.6	[72,75)
54.2	62.1	[54,57)
69.8	70	[69,72)
64.7	68.5	[63,66)
62.5	77.2	[60,63)
54.8	51.1	[54,57)
65.7	72.8	[63,66)
25.7	24.4	[24,27)
55.7	60.2	[54,57)
55.8	53.3	[54,57)
72.3	70.2	[72,75)
66.7	71.2	[66,69)
59.9	61.1	[57,60)
54	40.6	[54,57)
56	57.9	[54,57)
55.5	60.5	[54,57)
34.5	41.6	[33,36)
65.5	69.7	[63,66)
51	45.5	[51,54)
54.8	62.2	[54,57)
74.2	74.5	[72,75)
54.2	46.9	[54,57)
69.7	74.4	[69,72)
59.3	65.6	[57,60)
49.4	43.2	[48,51)
71.9	71.3	[69,72)
35.2	36.5	[33,36)
76.8	76.1	[75,78)
40.9	41.9	[39,42)
30.9	35	[30,33)
45.9	42.9	[45,48)
31	35.5	[30,33)
66.2	69.5	[66,69)
60.2	54.5	[60,63)
39	52.3	[39,42)
43.6	52.7	[42,45)
52.8	51.7	[51,54)
64.5	67	[63,66)
47.3	55.8	[45,48)
55.9	53.3	[54,57)
50.2	57.5	[48,51)
59.7	67.3	[57,60)
39.6	42.8	[39,42)
63.2	61.5	[63,66)
25.6	28.3	[24,27)
56.7	63.9	[54,57)
65.6	59.7	[63,66)
46.8	50.3	[45,48)
73.5	72.9	[72,75)
67.8	70.1	[66,69)
42.2	37.4	[42,45)
46.8	48.5	[45,48)
70.6	70	[69,72)
68	62.8	[66,69)
28.1	28.6	[27,30)
80.3	77.8	[78,81)
49.7	54.3	[48,51)
57.1	49.9	[57,60)
35.1	31	[33,36)
30.9	34.4	[30,33)
45.9	40.6	[45,48)
36.2	30.5	[36,39)
50.9	52.2	[48,51)
38	31.2	[36,39)
66.2	70.3	[66,69)
57.6	67.8	[57,60)
64.3	65.3	[63,66)
60.8	64.2	[60,63)
46.4	43.1	[45,48)
74.4	68.4	[72,75)
70.7	71	[69,72)
55.8	60.2	[54,57)
26.9	27.2	[24,27)
64.5	74.2	[63,66)
77	78.3	[75,78)
39.7	46.6	[39,42)
63.5	61.4	[63,66)
55.5	47.7	[54,57)
50.6	54.1	[48,51)
50.8	46.7	[48,51)
46.5	49.5	[45,48)
33	37.1	[33,36)
57.6	58.4	[57,60)
62.2	52.5	[60,63)
31.3	39.6	[30,33)
46.1	43.7	[45,48)
54.6	64.7	[54,57)
53.7	50.3	[51,54)
36.5	30.2	[36,39)
33	44.3	[33,36)
74.2	67	[72,75)
42.6	48	[42,45)
45.4	43.4	[45,48)
48.7	51	[48,51)
52.7	50.6	[51,54)
41	43.2	[39,42)
23.1	21.8	[21,24)
49.3	53.3	[48,51)
44.8	42.6	[42,45)
62.3	62.6	[60,63)
43.6	39.2	[42,45)
49.9	57.1	[48,51)
36.6	30.8	[36,39)
42.7	44.8	[42,45)
25.8	31.8	[24,27)
53	54.8	[51,54)
64.2	62.5	[63,66)
38	42.6	[36,39)
54	55.8	[54,57)
38.3	34.9	[36,39)
26	23.2	[24,27)
66.6	65.4	[66,69)
37.5	36.6	[36,39)
45.1	46.1	[45,48)
79.3	70.7	[78,81)
46.6	43.5	[45,48)
25.1	26	[24,27)
49.6	59.4	[48,51)
58.4	58	[57,60)
62	62.5	[60,63)
41.9	43.7	[39,42)
71.1	73.1	[69,72)
68.5	74.6	[66,69)
70.4	74.1	[69,72)
22.6	23.9	[21,24)
37.5	37.6	[36,39)
54.1	57.7	[54,57)
39.7	47.5	[39,42)
32.9	37.7	[30,33)
33	29	[33,36)
43.5	41	[42,45)
25.4	21.9	[24,27)
63.4	71.8	[63,66)
69.4	73.8	[69,72)
80.1	72.9	[78,81)
50.5	50.5	[48,51)
50.6	48.1	[48,51)
66.6	71.8	[66,69)
20.2	21	[18,21)
43.1	46.4	[42,45)
57	56.4	[57,60)
30.5	31.5	[30,33)
73.2	71	[72,75)
43.7	46.5	[42,45)
64.6	64.6	[63,66)
44.7	57.8	[42,45)
51.7	50.7	[51,54)
62.5	53.9	[60,63)
60.1	61.4	[60,63)
57.6	55.2	[57,60)
47.4	45.9	[45,48)
32.3	36.8	[30,33)
53.6	48.2	[51,54)
27.9	30.6	[27,30)
45.3	39.3	[45,48)
65	71.3	[63,66)
59.9	68.2	[57,60)
40.8	41.1	[39,42)
43.2	39.6	[42,45)
47.8	47.6	[45,48)
49.7	47.8	[48,51)
52.8	50.8	[51,54)
45.9	35.6	[45,48)
40.1	38.9	[39,42)
70.5	70.5	[69,72)
70.3	65.4	[69,72)
41.4	33	[39,42)
35.5	33.2	[33,36)
30.9	26.6	[30,33)
36	36.8	[36,39)
63.5	69.1	[63,66)
38.7	42.4	[36,39)
45	38.3	[45,48)
57.6	51.2	[57,60)
45.1	45.7	[45,48)
70.9	65.3	[69,72)
35.7	38	[33,36)
44.9	36.6	[42,45)
52.3	52.8	[51,54)
49.9	53	[48,51)
63.1	61.6	[63,66)
63.5	65.4	[63,66)
69.9	63.6	[69,72)
51.7	66	[51,54)
42.4	40.7	[42,45)
47.8	54.1	[45,48)
75.4	74.1	[75,78)
49.7	49.6	[48,51)
46.9	44.3	[45,48)
67.2	71.6	[66,69)
54.7	50.8	[54,57)
43.7	40.5	[42,45)
42.9	38.2	[42,45)
69.5	73.8	[69,72)
30	34.4	[30,33)
31	28.6	[30,33)
47.8	50	[45,48)
29.8	35.4	[27,30)
59.9	68.4	[57,60)
44.5	44.3	[42,45)
43.5	37.6	[42,45)
50.9	46.1	[48,51)
24.6	27.4	[24,27)
61.9	57.9	[60,63)
73	70	[72,75)
49.2	53.6	[48,51)
61.7	56.8	[60,63)
58.9	67.6	[57,60)
53.3	54.8	[51,54)
58	50.1	[57,60)
60.8	56.8	[60,63)
47.5	45	[45,48)
51.3	57.2	[51,54)
57.2	71.6	[57,60)
83	76.5	[81,84)
57.1	52.3	[57,60)
67	71.1	[66,69)
69.5	64.1	[69,72)
71.2	71.6	[69,72)
27.9	30	[27,30)
25.9	30.1	[24,27)
42.2	34.8	[42,45)
36.8	34.9	[36,39)
62.1	64.8	[60,63)
27.6	35.5	[27,30)
66.5	66.8	[66,69)
58	53.9	[57,60)
46.7	53.7	[45,48)
20.7	22.7	[18,21)
62.4	62.2	[60,63)
71.1	69.1	[69,72)
57	59.7	[57,60)
53.6	65.9	[51,54)
73.9	72	[72,75)
23	23.8	[21,24)
43.2	36.7	[42,45)
45.4	44.1	[45,48)
65.1	62.7	[63,66)
71.7	73.1	[69,72)
63.6	76.7	[63,66)
44.8	54	[42,45)
42.8	41.7	[42,45)
47.3	40.7	[45,48)
57.1	50.1	[57,60)
68.3	72.9	[66,69)
43.8	45.2	[42,45)
63.7	61.6	[63,66)
65.6	69	[63,66)
49.7	49.8	[48,51)
71	73.9	[69,72)
33.7	31.5	[33,36)
61.4	52.1	[60,63)
36.2	35.1	[36,39)
67.1	64.5	[66,69)
61.8	73.6	[60,63)
34.4	38.1	[33,36)
60.2	56.5	[60,63)
55.9	48.8	[54,57)
28	30.1	[27,30)
51.3	62.8	[51,54)
36.3	41	[36,39)
68.5	64.5	[66,69)
57.8	51.1	[57,60)
68.1	67.8	[66,69)
21.8	32.2	[21,24)
28.5	30.4	[27,30)
48.3	44.2	[48,51)
74.9	76.7	[72,75)
70.7	70.4	[69,72)
59.9	63.9	[57,60)
53.7	53.5	[51,54)
53.5	63.9	[51,54)
30.8	32.3	[30,33)
35.8	68.4	[33,36)
44.1	47.3	[42,45)
46.8	45.1	[45,48)
70.8	71.1	[69,72)
73	73.3	[72,75)
52.1	42.6	[51,54)
52.2	53.8	[51,54)
52	61.3	[51,54)
40.3	49.6	[39,42)
42.7	42.9	[42,45)
43.6	49.3	[42,45)
44.7	46.6	[42,45)
68.5	69.9	[66,69)
44.5	40	[42,45)
54.8	62.2	[54,57)
29.8	33.3	[27,30)
53.2	49.8	[51,54)
70.5	73.4	[69,72)
62.7	37.3	[60,63)
71.2	70.1	[69,72)
47.7	51.4	[45,48)
66.1	70.6	[66,69)
40.1	43.6	[39,42)
48.3	51.8	[48,51)
65.8	63	[63,66)
65.8	73.7	[63,66)
54.8	50.3	[54,57)
25.7	28.2	[24,27)
60.4	52.4	[60,63)
48.1	48.8	[48,51)
65.7	56.2	[63,66)
50.2	47.5	[48,51)
49.8	47.8	[48,51)
53.7	53.5	[51,54)
52	49.9	[51,54)
72.8	71.4	[72,75)
44	48.4	[42,45)
67.5	69.2	[66,69)
71.7	67.7	[69,72)
43.6	46.2	[42,45)
63.1	66.6	[63,66)
28	30	[27,30)
36.2	39.7	[36,39)
64.7	56.9	[63,66)
39.1	34.6	[39,42)
52.6	48.9	[51,54)
52.1	49.5	[51,54)
32.3	31.4	[30,33)
48.5	56.6	[48,51)
29	31.4	[27,30)
66.2	75.5	[66,69)
43.3	42.2	[42,45)
48.6	50.4	[48,51)
58.8	62.9	[57,60)
69.2	58.5	[69,72)
52.9	53.7	[51,54)
58.4	47.5	[57,60)
38.6	38.6	[36,39)
73.9	74.1	[72,75)
60	60.7	[60,63)
29.3	26.3	[27,30)
53.2	42.4	[51,54)
56.5	64.4	[54,57)
25.4	36.3	[24,27)
64.2	72.4	[63,66)
28.9	37.6	[27,30)
52.8	57.4	[51,54)
50.6	57.2	[48,51)
37.9	38.9	[36,39)
74	73.8	[72,75)
45.9	38.3	[45,48)
60.2	64.4	[60,63)
41.4	48	[39,42)
62	66.2	[60,63)
68.7	72.7	[66,69)
18.2	23	[18,21)
32.8	26.5	[30,33)
18.2	23.9	[18,21)
65.6	64.9	[63,66)
49.8	54.8	[48,51)
33.4	36.3	[33,36)
51.1	48.2	[51,54)
29.5	36.8	[27,30)
76.7	69.6	[75,78)
54.5	50.5	[54,57)
42.8	38	[42,45)
52.3	52.7	[51,54)
33.2	41.8	[33,36)
66.3	72.8	[66,69)
39	37.5	[39,42)
29.7	28.3	[27,30)
61.5	65.1	[60,63)
41	40.6	[39,42)
67.8	65.1	[66,69)
53.8	52.9	[51,54)
59	56.4	[57,60)
62.8	69.9	[60,63)
39.4	42.1	[39,42)
50.5	52.8	[48,51)
49.5	55.2	[48,51)
36.9	63.8	[36,39)
21.7	26.8	[21,24)
59.6	65.5	[57,60)
48.7	51.2	[48,51)
46.3	49.5	[45,48)
38.3	44.4	[36,39)
55.2	51	[54,57)
75.2	69.2	[75,78)
66.1	68.1	[66,69)
50.1	50.2	[48,51)
67.7	67.9	[66,69)
55	50.8	[54,57)
32.6	35.6	[30,33)
72.1	65.7	[72,75)
55.1	65.2	[54,57)
55	56	[54,57)
48.4	48.3	[48,51)
30.5	37.6	[30,33)
41.7	46	[39,42)
28.8	37.9	[27,30)
37.4	34.1	[36,39)
66.8	68.9	[66,69)
34.2	28.2	[33,36)
51.2	43.5	[51,54)
67.9	62.1	[66,69)
63	71.2	[63,66)
77.4	79.9	[75,78)
61.3	72.6	[60,63)
48.3	47.6	[48,51)
56.1	63.7	[54,57)
69.3	75.7	[69,72)
49.7	54.8	[48,51)
45.4	50.5	[45,48)
50.7	48	[48,51)
42.6	49.8	[42,45)
56.6	57.2	[54,57)
67.9	64.6	[66,69)
50.1	41.6	[48,51)
60.7	60.9	[60,63)
45.4	40.3	[45,48)
48.4	55.2	[48,51)
64.7	62.7	[63,66)
75.2	64.3	[75,78)
32.6	36.2	[30,33)
68.2	69.1	[66,69)
46.6	49.4	[45,48)
69.3	70.8	[69,72)
47	48.6	[45,48)
65.8	72.2	[63,66)
28.3	33.4	[27,30)
60.2	65.7	[60,63)
54.4	49	[54,57)
66.7	65.1	[66,69)
57.6	54.6	[57,60)
74.8	69.7	[72,75)
61.9	56.1	[60,63)
23.9	30.4	[21,24)
49	46.3	[48,51)
53.8	54	[51,54)
47.2	56.2	[45,48)
65.7	68.4	[63,66)
43.5	46.9	[42,45)
51.1	41.5	[51,54)
44	37.6	[42,45)
54.2	53.3	[54,57)
36.8	35.8	[36,39)
24.7	28.8	[24,27)
48.8	50.3	[48,51)
31.6	28.3	[30,33)
26	40	[24,27)
46	51.8	[45,48)
47.6	58.3	[45,48)
42.2	40.5	[42,45)
76	67.9	[75,78)
34.1	38.7	[33,36)
33.9	33.7	[33,36)
68.3	76.9	[66,69)
64.6	73.7	[63,66)
70.9	76.6	[69,72)
62.8	66	[60,63)
55.9	57	[54,57)
27.3	33.3	[27,30)
35.1	38.6	[33,36)
67	74.7	[66,69)
71.3	65.8	[69,72)
58.2	76.1	[57,60)
31.1	33.1	[30,33)
50.2	55.3	[48,51)
80.6	78.2	[78,81)
61.4	60.6	[60,63)
39.7	44.1	[39,42)
56.7	61.3	[54,57)
46.3	42.7	[45,48)
39.9	45.4	[39,42)
43.6	48	[42,45)
52.7	47.7	[51,54)
45.2	41.3	[45,48)
49.5	44.3	[48,51)
55.4	52.7	[54,57)
53.9	43.5	[51,54)
66.1	69.5	[66,69)
49.6	52	[48,51)
26.3	23.4	[24,27)
79.8	75.9	[78,81)
39.3	27.7	[39,42)
73.7	71.1	[72,75)
27.4	31.7	[27,30)
39.2	40.3	[39,42)
60.9	57.3	[60,63)
58.3	62.1	[57,60)
53.7	44.6	[51,54)
55.6	66.6	[54,57)
48.2	58	[48,51)
52.7	46	[51,54)
45.7	55.3	[45,48)
63.5	63.5	[63,66)
50.8	55.2	[48,51)
28.6	31.1	[27,30)
43.6	44.5	[42,45)
54.8	48.7	[54,57)
35.5	35.2	[33,36)
62.6	63	[60,63)
67	70.7	[66,69)
46	51	[45,48)
64.4	66.4	[63,66)
54.8	53.5	[54,57)
30	31.8	[30,33)
44.5	39.1	[42,45)
72	69.4	[72,75)
57.9	48	[57,60)
71.3	71.1	[69,72)
49.7	50.2	[48,51)
67.7	75.1	[66,69)
70.3	71.9	[69,72)
36.7	39.3	[36,39)
60.4	52.3	[60,63)
59.6	55.5	[57,60)
62.6	66.4	[60,63)
59	47.9	[57,60)
44.4	38.9	[42,45)
46.8	67.3	[45,48)
77.5	70	[75,78)
50.3	39.6	[48,51)
71.4	74	[69,72)
71.3	64.1	[69,72)
58.5	63.1	[57,60)
63	64.5	[63,66)
67.6	70.2	[66,69)
54.7	56.8	[54,57)
57	56.7	[57,60)
71.7	71.3	[69,72)
62.4	68.5	[60,63)
42.1	50.9	[42,45)
47	53.4	[45,48)
61.4	60.7	[60,63)
47.4	38.6	[45,48)
48.9	42.5	[48,51)
50.4	47.8	[48,51)
50.3	33.8	[48,51)
54.2	50.5	[54,57)
62.4	69.6	[60,63)
25	34.9	[24,27)
74.1	68.6	[72,75)
57.6	63.8	[57,60)
24.8	28.3	[24,27)
55.3	50.4	[54,57)
39.1	30	[39,42)
35	34.6	[33,36)
70.9	73.5	[69,72)
38.6	33.7	[36,39)
76.2	66	[75,78)
47.8	55.2	[45,48)
44.9	42.7	[42,45)
38.3	42.9	[36,39)
34.2	36	[33,36)
39.9	39.2	[39,42)
37.4	38.3	[36,39)
57	52.5	[57,60)
77.7	75.5	[75,78)
