CA	organ_age	Age_group
28.3	29.7	[27,30)
51.3	47.8	[51,54)
37.8	40.8	[36,39)
74.7	76.7	[72,75)
73.8	72.1	[72,75)
31.7	38.3	[30,33)
51.5	53.1	[51,54)
35.1	35.3	[33,36)
54.9	66	[54,57)
42.9	53.8	[42,45)
45.6	44.3	[45,48)
49.1	48.1	[48,51)
47.4	41.4	[45,48)
76.5	72	[75,78)
44.6	50.6	[42,45)
59.4	50.3	[57,60)
51.7	50.1	[51,54)
60.2	60.5	[60,63)
67.9	68.5	[66,69)
53.7	60.1	[51,54)
68	69.5	[66,69)
56.6	47.3	[54,57)
62.3	68.3	[60,63)
60.5	59.3	[60,63)
41.8	54.7	[39,42)
71.1	68.2	[69,72)
64.4	53.2	[63,66)
43.4	41	[42,45)
51.3	49.6	[51,54)
56.2	62.9	[54,57)
52.8	49.5	[51,54)
37.8	38.3	[36,39)
54.5	62.7	[54,57)
40.2	46	[39,42)
68.1	71.7	[66,69)
52.7	52.3	[51,54)
63.3	71.1	[63,66)
50.4	41.9	[48,51)
51.6	48.7	[51,54)
50.3	44.1	[48,51)
25.1	28.4	[24,27)
36.9	33.2	[36,39)
28.2	30.4	[27,30)
41.4	37.6	[39,42)
54.1	50.4	[54,57)
62.3	56.2	[60,63)
53.5	51.3	[51,54)
50.8	56.3	[48,51)
51.9	45.6	[51,54)
56.1	61.7	[54,57)
35.4	28.3	[33,36)
37.1	53.3	[36,39)
50.8	53	[48,51)
65.8	52.3	[63,66)
48.7	53.4	[48,51)
51.1	54.1	[51,54)
58.8	50.4	[57,60)
27.9	23.3	[27,30)
61.2	59.9	[60,63)
44.3	33.9	[42,45)
43.9	44	[42,45)
26.7	32.1	[24,27)
48.2	49.1	[48,51)
60.4	50.3	[60,63)
52.7	63.3	[51,54)
41.8	45.6	[39,42)
68.4	68.5	[66,69)
22.6	23.1	[21,24)
53.9	49.4	[51,54)
69.5	69.4	[69,72)
35.2	39.1	[33,36)
51.8	52.1	[51,54)
60.8	54.5	[60,63)
65	68.1	[63,66)
41.1	34	[39,42)
24	17.9	[24,27)
74.4	68.5	[72,75)
46.7	52.1	[45,48)
62.5	71.9	[60,63)
57.8	52.3	[57,60)
60.1	69.6	[60,63)
65.4	67.8	[63,66)
66.2	71.4	[66,69)
73.7	66.9	[72,75)
66.7	74.7	[66,69)
58.1	55.1	[57,60)
71.2	72.2	[69,72)
46.3	50.4	[45,48)
34.9	28.8	[33,36)
47.1	55.2	[45,48)
35.9	32.7	[33,36)
57.4	46.9	[57,60)
77.4	75.6	[75,78)
51.2	53.1	[51,54)
45.7	45	[45,48)
53.7	60.6	[51,54)
50.5	41	[48,51)
26.1	33.3	[24,27)
47.2	41.6	[45,48)
49.4	42.8	[48,51)
69.1	63.6	[69,72)
28.1	37.1	[27,30)
53.3	49.7	[51,54)
52.6	47.4	[51,54)
31.2	33.7	[30,33)
55.4	55.2	[54,57)
28.8	33.4	[27,30)
58.3	41.6	[57,60)
54.6	52.2	[54,57)
68.4	74	[66,69)
56.3	50.6	[54,57)
56.3	54.2	[54,57)
29.4	29.9	[27,30)
46.1	44.6	[45,48)
64.4	63.5	[63,66)
46.9	43.6	[45,48)
30.7	24.9	[30,33)
34.1	35.2	[33,36)
47.7	45.8	[45,48)
39.5	37.2	[39,42)
29.8	28	[27,30)
52.5	57.5	[51,54)
67.7	71.8	[66,69)
58.9	69.9	[57,60)
43.2	37.6	[42,45)
41.2	35.8	[39,42)
68.9	71.9	[66,69)
47.2	50.5	[45,48)
81.1	76.1	[81,84)
36.4	41.1	[36,39)
51.9	53.3	[51,54)
52.8	62.2	[51,54)
47.5	49.5	[45,48)
53	41.9	[51,54)
74.2	73.2	[72,75)
49.8	57.3	[48,51)
63.6	63.3	[63,66)
31.8	31	[30,33)
40.3	35.9	[39,42)
48.5	54.9	[48,51)
28.4	27.1	[27,30)
50.8	52.4	[48,51)
72.7	67.9	[72,75)
71.4	67.9	[69,72)
39.5	32.4	[39,42)
47.6	46	[45,48)
41.5	41.9	[39,42)
25.1	21.6	[24,27)
46.3	51	[45,48)
67.6	68.4	[66,69)
66.7	56.3	[66,69)
52.2	46	[51,54)
37.1	37.7	[36,39)
31.6	34	[30,33)
41.2	36.1	[39,42)
61	60.1	[60,63)
68	69	[66,69)
72	70	[72,75)
76.3	70	[75,78)
47.5	45.6	[45,48)
44.8	45.4	[42,45)
69.1	61.2	[69,72)
34.1	31.5	[33,36)
41.4	46.5	[39,42)
68.2	74.8	[66,69)
69.7	56.8	[69,72)
74.5	75.6	[72,75)
18.7	34.9	[18,21)
64.7	67.8	[63,66)
73.8	75	[72,75)
45.8	40.4	[45,48)
35.8	33	[33,36)
64.1	63.5	[63,66)
66	69	[66,69)
48.6	41.4	[48,51)
61.7	60.9	[60,63)
67.3	70.6	[66,69)
32.6	35.5	[30,33)
67.3	70.3	[66,69)
55.7	43.6	[54,57)
39.2	50.1	[39,42)
60.5	50.3	[60,63)
74.9	65.1	[72,75)
52.1	52.5	[51,54)
59.7	63.6	[57,60)
42.2	52	[42,45)
41.5	46.1	[39,42)
47.6	52.5	[45,48)
28.7	25.1	[27,30)
45.5	47.9	[45,48)
57.8	56.2	[57,60)
69.5	73.6	[69,72)
56	56.9	[54,57)
44.2	37.4	[42,45)
70.3	69.1	[69,72)
59.6	60.5	[57,60)
25.8	19.9	[24,27)
47.9	54.1	[45,48)
52.6	45.5	[51,54)
67.6	71.4	[66,69)
38.9	36.5	[36,39)
73.5	73.9	[72,75)
54.1	47.6	[54,57)
38	50.5	[36,39)
52.4	50.8	[51,54)
74.8	66.7	[72,75)
43.2	52.4	[42,45)
55.5	48.3	[54,57)
46.7	44.7	[45,48)
38.7	44.9	[36,39)
47.6	38.6	[45,48)
40.7	45.4	[39,42)
59.3	52.9	[57,60)
54.7	51.1	[54,57)
68.5	69.4	[66,69)
45	44.7	[45,48)
50.5	52.6	[48,51)
68.8	71	[66,69)
50	46.5	[48,51)
65.4	66.7	[63,66)
78.8	70.1	[78,81)
21.8	27.4	[21,24)
32.4	29.3	[30,33)
36.1	36.8	[36,39)
81.4	78.8	[81,84)
54.1	45.8	[54,57)
55.7	49.8	[54,57)
68.3	67.9	[66,69)
32.5	26.2	[30,33)
71.3	75.1	[69,72)
44	37.8	[42,45)
58.8	65.4	[57,60)
47	51	[45,48)
38.4	53.8	[36,39)
73.8	70.2	[72,75)
41.5	33.8	[39,42)
70.8	66	[69,72)
44.8	49	[42,45)
40.1	30.6	[39,42)
31.4	38.6	[30,33)
23.6	24.4	[21,24)
43.8	52.5	[42,45)
22.5	28	[21,24)
49.2	50.3	[48,51)
56.8	51.5	[54,57)
74.7	66.3	[72,75)
47.5	57.4	[45,48)
56.4	52.1	[54,57)
29.3	36.9	[27,30)
27.2	37.3	[27,30)
48.6	53.8	[48,51)
50.9	48.5	[48,51)
50.7	50.6	[48,51)
66.4	65.1	[66,69)
64.6	64.4	[63,66)
70.8	71.5	[69,72)
62	68.5	[60,63)
31.3	27.3	[30,33)
50.6	44.1	[48,51)
28.1	28.5	[27,30)
72.3	70.9	[72,75)
59.3	67.4	[57,60)
46	42.1	[45,48)
48.6	57.7	[48,51)
50.4	45.7	[48,51)
77.9	72	[75,78)
62	56.7	[60,63)
64.8	67.4	[63,66)
47.5	64.5	[45,48)
76.7	74.8	[75,78)
78.6	73.3	[78,81)
50.8	52.5	[48,51)
35.2	36.2	[33,36)
70.5	65.6	[69,72)
45.6	47.4	[45,48)
34.3	36.7	[33,36)
72.5	74	[72,75)
18.2	21.9	[18,21)
51.5	60.8	[51,54)
51.1	56.6	[51,54)
36.8	25.2	[36,39)
28.2	33.4	[27,30)
38.4	36.8	[36,39)
41.9	41.3	[39,42)
23.8	26.7	[21,24)
26.6	26	[24,27)
37	29.4	[36,39)
43.6	50.4	[42,45)
39.6	35	[39,42)
26	28.3	[24,27)
59.6	54.8	[57,60)
53.4	65	[51,54)
50.1	51.1	[48,51)
60.7	55.5	[60,63)
50.7	45	[48,51)
70.9	73.9	[69,72)
58.5	68.1	[57,60)
70.9	67.8	[69,72)
45.5	33.6	[45,48)
67.5	69.8	[66,69)
77.8	69.6	[75,78)
65	81.3	[63,66)
25.2	30.2	[24,27)
58.9	72.9	[57,60)
59.3	65.9	[57,60)
75.4	73.9	[75,78)
39.1	38.3	[39,42)
26.3	35.5	[24,27)
68.2	61.6	[66,69)
33.3	44.4	[33,36)
34.5	31.5	[33,36)
45.2	47	[45,48)
34.7	52.7	[33,36)
57.9	61.1	[57,60)
50	38.3	[48,51)
28.5	34.6	[27,30)
78.4	70.2	[78,81)
42.8	44.2	[42,45)
60.5	66.6	[60,63)
53.7	55.5	[51,54)
72.8	70.5	[72,75)
47.4	45.1	[45,48)
38	37.5	[36,39)
59.5	62.6	[57,60)
60.8	65.9	[60,63)
64.8	51	[63,66)
54.7	51.7	[54,57)
46.5	37.6	[45,48)
50.1	42.7	[48,51)
65.2	62.1	[63,66)
35	25.7	[33,36)
53.1	48.3	[51,54)
34.4	30.1	[33,36)
43.9	44.2	[42,45)
29.9	30.3	[27,30)
35.8	39.9	[33,36)
65.7	72.6	[63,66)
34.7	34.3	[33,36)
42.4	45.8	[42,45)
62.1	64.8	[60,63)
44.5	36.1	[42,45)
41.3	39.6	[39,42)
82	71.4	[81,84)
45.8	45.4	[45,48)
43	44.6	[42,45)
46	40.2	[45,48)
37.6	36.3	[36,39)
59.5	60	[57,60)
75.6	75.2	[75,78)
67.9	69.9	[66,69)
44.4	51.7	[42,45)
25.5	28.4	[24,27)
74.1	69.8	[72,75)
64.1	70.5	[63,66)
38	33.3	[36,39)
50.9	56.7	[48,51)
67.1	62.3	[66,69)
58.8	63.7	[57,60)
44.7	32.3	[42,45)
70.8	62.3	[69,72)
27.3	36	[27,30)
47.7	44.8	[45,48)
44	48	[42,45)
38.4	40	[36,39)
51.6	55.9	[51,54)
56.8	55.2	[54,57)
26.1	27.3	[24,27)
28.5	32.5	[27,30)
27.4	35.7	[27,30)
68.7	72.3	[66,69)
32.1	31.8	[30,33)
70	69.8	[69,72)
51.5	53.9	[51,54)
61	53.2	[60,63)
31.5	33.3	[30,33)
56.8	67.7	[54,57)
45.5	42.4	[45,48)
45	41.9	[45,48)
64.3	74.2	[63,66)
62.2	70.2	[60,63)
48.7	58	[48,51)
29.3	37	[27,30)
32.5	24.6	[30,33)
49.1	48.4	[48,51)
31.4	33.7	[30,33)
39.5	43.1	[39,42)
42.1	49.1	[42,45)
19.2	23	[18,21)
63.9	69.1	[63,66)
45.3	50.5	[45,48)
38.5	37.6	[36,39)
70.9	66.1	[69,72)
52.4	37.3	[51,54)
70.6	67.2	[69,72)
56.8	51.6	[54,57)
58.4	48.7	[57,60)
25.7	28.2	[24,27)
72.6	70.4	[72,75)
36	35	[36,39)
54.1	54.3	[54,57)
73.8	75.2	[72,75)
68.8	73.1	[66,69)
50.5	45.6	[48,51)
39.4	34.8	[39,42)
52.9	52.2	[51,54)
43.2	45.1	[42,45)
65.2	65.3	[63,66)
44.1	52.6	[42,45)
57.7	58.9	[57,60)
34.4	37.6	[33,36)
52.5	61.1	[51,54)
51	59.6	[51,54)
56.9	51.5	[54,57)
69.2	69.4	[69,72)
51.8	53.2	[51,54)
62.5	61.7	[60,63)
56.5	39.3	[54,57)
49.2	49.5	[48,51)
69.6	62.2	[69,72)
67	74.5	[66,69)
62	62.7	[60,63)
55.3	48.7	[54,57)
42.5	41.3	[42,45)
34.7	29.8	[33,36)
56	58.9	[54,57)
38.4	35.5	[36,39)
48.2	34	[48,51)
48	51.3	[48,51)
61.8	60.3	[60,63)
42.6	42.4	[42,45)
70.8	67.2	[69,72)
67.7	74.1	[66,69)
33.4	30	[33,36)
33.5	31	[33,36)
59.1	67.5	[57,60)
66.9	69.9	[66,69)
47.3	52.1	[45,48)
56.3	60.5	[54,57)
72.1	68.7	[72,75)
28.2	34.2	[27,30)
54.2	58.2	[54,57)
36	38.5	[36,39)
57.2	55.9	[57,60)
74.2	67.9	[72,75)
59.5	45.5	[57,60)
58.1	58.2	[57,60)
72.4	75	[72,75)
31.7	23.9	[30,33)
75.5	71.2	[75,78)
59.8	56.5	[57,60)
42.4	33.9	[42,45)
48.1	45.5	[48,51)
60.2	52.1	[60,63)
29.3	36.6	[27,30)
40.4	41.7	[39,42)
40.2	48.6	[39,42)
47.1	52.6	[45,48)
20.2	25.9	[18,21)
36.4	38.4	[36,39)
53.3	50.7	[51,54)
65.4	70.5	[63,66)
57.8	48.7	[57,60)
73.1	66.9	[72,75)
63.1	59.9	[63,66)
57	57.5	[57,60)
43.8	42.2	[42,45)
75.5	69.8	[75,78)
46	42.7	[45,48)
60.6	61.3	[60,63)
47.4	46.4	[45,48)
55	52.7	[54,57)
62.4	65.2	[60,63)
46.4	53	[45,48)
36.4	46.7	[36,39)
45.5	44.1	[45,48)
35.1	30.8	[33,36)
60.5	57.9	[60,63)
57.4	52.4	[57,60)
72.9	69	[72,75)
28.1	34.2	[27,30)
45.5	49.8	[45,48)
66.9	73.5	[66,69)
30.3	34.4	[30,33)
25.4	28.6	[24,27)
60	66.2	[60,63)
51.9	42.7	[51,54)
45.5	53.5	[45,48)
65.2	57.8	[63,66)
40.9	31.7	[39,42)
40.8	38.1	[39,42)
72.2	68.8	[72,75)
44.2	47.6	[42,45)
49.3	45.5	[48,51)
61.1	46.1	[60,63)
77.3	72.1	[75,78)
54.3	51.6	[54,57)
51.4	55.9	[51,54)
61.4	50.5	[60,63)
67.6	60.6	[66,69)
74	67.3	[72,75)
50.2	52.1	[48,51)
40.2	38.1	[39,42)
29.6	35.6	[27,30)
66	74.3	[66,69)
30.8	41.5	[30,33)
42.5	45.3	[42,45)
54	51.1	[54,57)
73.7	74	[72,75)
27.7	28.9	[27,30)
62.1	57.7	[60,63)
77.6	70	[75,78)
44.2	38.9	[42,45)
25.8	24	[24,27)
46	44.9	[45,48)
47.6	45.8	[45,48)
50.7	65.2	[48,51)
34	28.8	[33,36)
44.6	34.4	[42,45)
70.9	72.3	[69,72)
42.4	41.1	[42,45)
64.2	63.1	[63,66)
54.5	60.6	[54,57)
64.1	63.1	[63,66)
79.2	78.6	[78,81)
46.2	47.8	[45,48)
56.5	55.4	[54,57)
70.3	64.5	[69,72)
29.4	24	[27,30)
50.9	36.9	[48,51)
28.6	30.9	[27,30)
76.5	72.2	[75,78)
27.8	23.8	[27,30)
34.7	37.4	[33,36)
47.2	43.1	[45,48)
50.6	45.7	[48,51)
55.6	58.7	[54,57)
60	51.6	[60,63)
69.4	69.4	[69,72)
65.8	66.8	[63,66)
46.9	42.8	[45,48)
70.7	70.3	[69,72)
66.7	71.7	[66,69)
46.5	45.2	[45,48)
75.7	76.1	[75,78)
46.6	51.1	[45,48)
25.1	27.1	[24,27)
36.1	32.6	[36,39)
59.1	31.5	[57,60)
51.4	50.5	[51,54)
35.3	33.2	[33,36)
72.7	69.6	[72,75)
54.4	68.2	[54,57)
51.4	51.4	[51,54)
52.1	59.1	[51,54)
42.4	52.3	[42,45)
74.3	56.7	[72,75)
63.2	69.4	[63,66)
55.1	57	[54,57)
56.9	50	[54,57)
67.2	67	[66,69)
44.6	42.9	[42,45)
37.8	36.6	[36,39)
22.4	24	[21,24)
54.2	49	[54,57)
58.8	55.6	[57,60)
65.5	68.4	[63,66)
40.5	40.2	[39,42)
37.7	65	[36,39)
54.7	57.8	[54,57)
51.3	49	[51,54)
50.8	50.8	[48,51)
52.3	50	[51,54)
57.4	62.2	[57,60)
50	48.3	[48,51)
51.3	48.4	[51,54)
59.8	55.2	[57,60)
40.4	41.8	[39,42)
57.1	59.9	[57,60)
62.3	64	[60,63)
31.2	36.5	[30,33)
76.3	75.8	[75,78)
42	55.9	[42,45)
64.8	71.3	[63,66)
44.3	41.9	[42,45)
58.5	60.5	[57,60)
32.9	37	[30,33)
42.9	34.7	[42,45)
29.7	33.9	[27,30)
53.1	53.5	[51,54)
62.3	69.9	[60,63)
30.6	29.1	[30,33)
62.1	67.7	[60,63)
43.4	38.1	[42,45)
60.7	64.3	[60,63)
39.8	37.3	[39,42)
38.5	31.8	[36,39)
73	70.2	[72,75)
44.7	39.2	[42,45)
55.9	53.5	[54,57)
44.7	50	[42,45)
48.9	49.7	[48,51)
62.8	71.8	[60,63)
46.1	50.5	[45,48)
67.3	73.8	[66,69)
27.2	30.7	[27,30)
34.1	32	[33,36)
33.8	32	[33,36)
70.2	64.9	[69,72)
55.3	49.5	[54,57)
57.8	69.1	[57,60)
69.5	72.8	[69,72)
66.8	67.4	[66,69)
66.5	63.8	[66,69)
65.5	54.1	[63,66)
33.6	36.2	[33,36)
53	43.7	[51,54)
73.6	67.2	[72,75)
46	37.5	[45,48)
58.7	48.9	[57,60)
56.4	59.9	[54,57)
38.7	39.3	[36,39)
53.9	54.5	[51,54)
48.2	52.4	[48,51)
66.8	66.9	[66,69)
73.9	75.3	[72,75)
36	35.3	[36,39)
53	63.5	[51,54)
54.5	52.2	[54,57)
69.6	68.9	[69,72)
71.8	75.2	[69,72)
66.4	69.9	[66,69)
74.1	75.2	[72,75)
60.7	63.1	[60,63)
39.3	43	[39,42)
65.3	65.3	[63,66)
72.6	75.4	[72,75)
48.6	51.4	[48,51)
48.2	45	[48,51)
38.1	35.3	[36,39)
50.8	66.9	[48,51)
57.6	55.9	[57,60)
33.5	28.1	[33,36)
25.5	28.1	[24,27)
78.3	67.9	[78,81)
53.7	51.5	[51,54)
50.8	54.6	[48,51)
29.2	29.3	[27,30)
53.7	49.1	[51,54)
59.7	68.5	[57,60)
46.8	47.2	[45,48)
53.4	62.8	[51,54)
50.1	52.7	[48,51)
43.8	38.4	[42,45)
60.4	55.1	[60,63)
66.7	69.3	[66,69)
64.1	62.3	[63,66)
67.2	63.7	[66,69)
40.9	37.8	[39,42)
29.5	23	[27,30)
45.6	40.2	[45,48)
25.2	28.7	[24,27)
67.1	71.7	[66,69)
36.8	36.5	[36,39)
36.5	37.3	[36,39)
59.5	53	[57,60)
67.6	74.2	[66,69)
65.5	62	[63,66)
72.4	69	[72,75)
62.7	61.1	[60,63)
32	33.8	[30,33)
41.5	41.7	[39,42)
58.7	65.8	[57,60)
36.5	38.8	[36,39)
68.2	63.5	[66,69)
76.4	71.8	[75,78)
63	50.4	[63,66)
69.4	66	[69,72)
50.2	52.4	[48,51)
72.7	72.2	[72,75)
50.1	56.1	[48,51)
46.1	52.4	[45,48)
70.8	74.6	[69,72)
43.4	42	[42,45)
73.1	72.3	[72,75)
70.9	70.1	[69,72)
39.4	40.1	[39,42)
61.3	68.1	[60,63)
32.3	33.8	[30,33)
57.3	72.5	[57,60)
42.1	46.6	[42,45)
63.3	69.7	[63,66)
46	46.8	[45,48)
41.3	36.4	[39,42)
58.6	51.2	[57,60)
55.9	49.1	[54,57)
69.3	73.6	[69,72)
58.5	53.5	[57,60)
70.6	67.5	[69,72)
74.7	70.6	[72,75)
46.7	46.4	[45,48)
71.5	64.5	[69,72)
69.3	72.7	[69,72)
59.9	52.1	[57,60)
61.3	73	[60,63)
40.2	31.6	[39,42)
44.8	49.1	[42,45)
50.9	48.4	[48,51)
70.6	65.5	[69,72)
40.3	50	[39,42)
61.4	60.5	[60,63)
59.7	54.4	[57,60)
54.4	52.1	[54,57)
61	65	[60,63)
50.3	42.8	[48,51)
23.4	27.7	[21,24)
49.2	57.8	[48,51)
56	55.5	[54,57)
37.4	42.1	[36,39)
73.7	66.5	[72,75)
68.6	68.5	[66,69)
36.8	41.5	[36,39)
35.7	33.8	[33,36)
66.5	62.1	[66,69)
28.4	31.7	[27,30)
58.7	50.7	[57,60)
21.4	26	[21,24)
39.4	39.7	[39,42)
44	44.7	[42,45)
54.3	53.6	[54,57)
56.8	40.8	[54,57)
49.8	39.7	[48,51)
47.7	53.2	[45,48)
79.7	77.2	[78,81)
38.2	36.4	[36,39)
45.5	45.6	[45,48)
30.5	39.3	[30,33)
44.7	42.3	[42,45)
55.8	66.3	[54,57)
50.4	50.2	[48,51)
43.3	53.6	[42,45)
72.5	71.7	[72,75)
77.8	75.4	[75,78)
48.2	45.7	[48,51)
42.2	36.8	[42,45)
43.3	34.5	[42,45)
65.1	70.5	[63,66)
47.4	38.1	[45,48)
30.7	31.8	[30,33)
49.4	54.8	[48,51)
53.1	48.7	[51,54)
70.9	72.5	[69,72)
24.8	28.7	[24,27)
53.5	53.8	[51,54)
54.3	53.4	[54,57)
38.8	40.6	[36,39)
73.6	70.7	[72,75)
73.8	70.5	[72,75)
47.2	52.2	[45,48)
29.7	32.1	[27,30)
72.9	72.4	[72,75)
55.8	59.2	[54,57)
48.7	41.9	[48,51)
45.1	50.6	[45,48)
67.2	65.7	[66,69)
38.9	41.4	[36,39)
44.7	46	[42,45)
69.4	68.3	[69,72)
37.8	31.1	[36,39)
72.8	68.6	[72,75)
55.6	66	[54,57)
62.7	65.7	[60,63)
51.6	56.3	[51,54)
46.9	49.8	[45,48)
38	36.1	[36,39)
56.4	56.3	[54,57)
64.3	62.8	[63,66)
60.7	67.4	[60,63)
38.5	33.2	[36,39)
76.8	73	[75,78)
35.2	44.2	[33,36)
49.3	50.9	[48,51)
67.1	70.9	[66,69)
79.5	75.3	[78,81)
61.7	66.9	[60,63)
63.6	75.2	[63,66)
72.2	73.5	[72,75)
60.2	63.5	[60,63)
58.9	56.2	[57,60)
54.5	53.6	[54,57)
48.1	47.1	[48,51)
35	33.2	[33,36)
72.9	66.6	[72,75)
55.6	51.3	[54,57)
42	29.7	[42,45)
72.3	75.2	[72,75)
74.3	78.7	[72,75)
40.5	40.4	[39,42)
63.1	61.4	[63,66)
76.1	73.4	[75,78)
54.2	50.7	[54,57)
29.1	26	[27,30)
52.4	51.9	[51,54)
58.8	51.8	[57,60)
58.4	47.3	[57,60)
50.6	56.4	[48,51)
51.9	40.8	[51,54)
76.1	77.7	[75,78)
44.9	38.2	[42,45)
54.6	51.6	[54,57)
31.1	30.4	[30,33)
62.4	64.9	[60,63)
28.2	25.4	[27,30)
32.7	41.1	[30,33)
21.9	25.4	[21,24)
69.5	69.5	[69,72)
29.6	28.6	[27,30)
69.7	72.4	[69,72)
63.3	68.1	[63,66)
69.1	64.9	[69,72)
56.2	56.2	[54,57)
53.5	56.5	[51,54)
58.5	53.2	[57,60)
52.2	54.5	[51,54)
42.2	25.6	[42,45)
29.2	32.1	[27,30)
60.8	62.4	[60,63)
26.8	28.1	[24,27)
46.6	49.2	[45,48)
50.4	44.5	[48,51)
58.1	65.6	[57,60)
62.3	73.1	[60,63)
57.6	58.5	[57,60)
57.8	68.8	[57,60)
61.2	63.2	[60,63)
35.3	37.5	[33,36)
56.4	64.8	[54,57)
34.1	37.3	[33,36)
37.7	33.5	[36,39)
67.9	68.1	[66,69)
54.4	59.7	[54,57)
43.6	46.1	[42,45)
55.3	51.8	[54,57)
55.6	51.2	[54,57)
68.8	69.5	[66,69)
76.7	71.9	[75,78)
35.2	33	[33,36)
52.2	41.3	[51,54)
58.6	56.9	[57,60)
54.2	53.1	[54,57)
71.7	72.5	[69,72)
61.3	67.8	[60,63)
41	52.2	[39,42)
66.1	61.1	[66,69)
61.4	48.9	[60,63)
61.5	63.2	[60,63)
60.6	47.9	[60,63)
42.1	34.6	[42,45)
65.5	68	[63,66)
49.5	38.2	[48,51)
50	55.1	[48,51)
48.6	46.7	[48,51)
57.3	57.3	[57,60)
64	58.1	[63,66)
41.8	41.9	[39,42)
51.2	51.5	[51,54)
48.8	44.4	[48,51)
45.8	52.4	[45,48)
63.6	65.6	[63,66)
53.9	59.6	[51,54)
35.7	31.1	[33,36)
67.4	60.1	[66,69)
46.4	47.9	[45,48)
56.2	49.9	[54,57)
32.4	27.5	[30,33)
41	42.6	[39,42)
56.5	53	[54,57)
70.1	65	[69,72)
44.8	48	[42,45)
56.6	59.4	[54,57)
38.5	44.7	[36,39)
40.9	40.4	[39,42)
76	73	[75,78)
42.3	45.1	[42,45)
20.3	22.5	[18,21)
54.4	50.8	[54,57)
70.8	75.3	[69,72)
52.7	46.4	[51,54)
41.4	39.7	[39,42)
31.5	26.3	[30,33)
45.7	44.7	[45,48)
75.7	69.1	[75,78)
44.8	42.3	[42,45)
29	29.4	[27,30)
62.2	62.4	[60,63)
68.9	66.1	[66,69)
31.1	33.8	[30,33)
33.6	37.3	[33,36)
48.7	40.1	[48,51)
49.7	50.9	[48,51)
37.2	50	[36,39)
63.9	67.6	[63,66)
45.2	46.3	[45,48)
22.4	31	[21,24)
45	39.7	[45,48)
79.3	72	[78,81)
73.6	70.5	[72,75)
61.4	65.8	[60,63)
42.4	36.7	[42,45)
38.4	30.9	[36,39)
73.5	73.2	[72,75)
70.1	71.7	[69,72)
63.3	56.5	[63,66)
51.7	53.4	[51,54)
31.5	28	[30,33)
70.3	68	[69,72)
60	72.9	[60,63)
50.3	52.5	[48,51)
23.3	25.8	[21,24)
44	52.1	[42,45)
40.9	47.4	[39,42)
58.4	55.6	[57,60)
73.9	74.1	[72,75)
44.4	47.4	[42,45)
41	52.8	[39,42)
72.4	73.3	[72,75)
25.1	29.1	[24,27)
31.9	33.9	[30,33)
40.8	38.9	[39,42)
55.5	57.8	[54,57)
45.5	39.4	[45,48)
73.3	73	[72,75)
79.8	74	[78,81)
64.2	62	[63,66)
59.9	66.4	[57,60)
48.1	48.5	[48,51)
22	21.4	[21,24)
25.4	25	[24,27)
66.6	72.5	[66,69)
60.9	55.8	[60,63)
26.5	25.6	[24,27)
49.6	53.9	[48,51)
60.8	68.2	[60,63)
71.3	71	[69,72)
54.9	49	[54,57)
65.9	70.3	[63,66)
40.1	45.7	[39,42)
60.3	55.1	[60,63)
46.4	44.7	[45,48)
41.9	35.2	[39,42)
60.8	73.6	[60,63)
62.3	66.5	[60,63)
63.1	72.3	[63,66)
60.5	57.8	[60,63)
47	52.5	[45,48)
72	72.4	[72,75)
41.1	32.9	[39,42)
34.4	32.9	[33,36)
78.5	68.1	[78,81)
48.2	51.4	[48,51)
76.9	74.1	[75,78)
38.3	44.4	[36,39)
68.4	73.4	[66,69)
49.8	50.8	[48,51)
54.4	55.2	[54,57)
51.2	54.4	[51,54)
38.8	45.8	[36,39)
74.5	66.2	[72,75)
32.4	38.1	[30,33)
69.4	72.1	[69,72)
53.8	52.4	[51,54)
49.2	47.4	[48,51)
78.4	73.2	[78,81)
43.4	39.7	[42,45)
58.2	50.3	[57,60)
63.1	63.8	[63,66)
77	68.7	[75,78)
64.1	67.8	[63,66)
51.1	49.5	[51,54)
56.5	60.2	[54,57)
34.5	31.3	[33,36)
67.5	71.2	[66,69)
59.6	54.2	[57,60)
41.9	36.1	[39,42)
43.4	40.4	[42,45)
56.6	50.3	[54,57)
64.3	69.5	[63,66)
29.5	33.9	[27,30)
33.7	33.9	[33,36)
68.9	75	[66,69)
62.8	70.6	[60,63)
34.6	38.4	[33,36)
35.3	34.4	[33,36)
64.5	77.4	[63,66)
67.6	67.9	[66,69)
50	46.6	[48,51)
54.1	54.3	[54,57)
42	52.8	[42,45)
46.9	50.9	[45,48)
57.3	64	[57,60)
48.5	41.2	[48,51)
50.8	45.8	[48,51)
36.9	42.4	[36,39)
55.9	55.3	[54,57)
71.8	77.9	[69,72)
39.8	39.1	[39,42)
58.2	44.4	[57,60)
67.4	73.2	[66,69)
59.9	52	[57,60)
63.1	67.3	[63,66)
64.2	56.2	[63,66)
56.1	49.2	[54,57)
61.6	65	[60,63)
60.8	55.1	[60,63)
67.8	63.1	[66,69)
51.2	55.7	[51,54)
34.3	49.1	[33,36)
25.2	27.3	[24,27)
59.9	53.8	[57,60)
74.7	78.6	[72,75)
55.5	57.4	[54,57)
71.1	69.4	[69,72)
46.1	49.3	[45,48)
36.7	34.3	[36,39)
63.8	64.2	[63,66)
76	75.8	[75,78)
75.8	72.4	[75,78)
31.2	49.8	[30,33)
70.2	70	[69,72)
58.7	56.9	[57,60)
58	50.4	[57,60)
77.1	67.6	[75,78)
31.7	36	[30,33)
72.8	71	[72,75)
52	55.7	[51,54)
60.7	56.1	[60,63)
50.5	54.4	[48,51)
69.6	68.3	[69,72)
78.2	71.9	[78,81)
41.3	37.6	[39,42)
58.5	52.8	[57,60)
31.6	32.8	[30,33)
59.1	57.5	[57,60)
39.4	41.2	[39,42)
37.7	47.3	[36,39)
65.9	71.2	[63,66)
63.5	55.5	[63,66)
38.9	39.9	[36,39)
55.2	55.6	[54,57)
33.1	30.7	[33,36)
22	26.3	[21,24)
47.7	50.7	[45,48)
26.9	31.6	[24,27)
32.5	34.5	[30,33)
41.8	41.8	[39,42)
69.9	65.7	[69,72)
76.1	72.8	[75,78)
53.9	47.7	[51,54)
64.4	73.9	[63,66)
37.4	32.2	[36,39)
69.2	73.4	[69,72)
44.6	40.5	[42,45)
53.2	55.5	[51,54)
79.4	78.4	[78,81)
65.2	67.9	[63,66)
67.6	70.3	[66,69)
75.3	74.6	[75,78)
75.3	71.3	[75,78)
51.1	48.6	[51,54)
44.6	52.3	[42,45)
45	37.1	[45,48)
30.3	28.4	[30,33)
29.1	25.7	[27,30)
69.3	70.1	[69,72)
70.3	66.8	[69,72)
38.8	40	[36,39)
64.3	65.5	[63,66)
42.7	44.2	[42,45)
56.9	53.2	[54,57)
74.6	63.4	[72,75)
58.1	55.4	[57,60)
29.3	33.7	[27,30)
45.2	48.9	[45,48)
48.3	45.2	[48,51)
42.2	45.5	[42,45)
43.4	45.9	[42,45)
38.5	36.9	[36,39)
58.3	52.5	[57,60)
29	30.6	[27,30)
32.4	32.7	[30,33)
67	69	[66,69)
48.7	40.7	[48,51)
63.3	67.8	[63,66)
23.1	41.1	[21,24)
75.3	74.5	[75,78)
34.2	38.9	[33,36)
51.3	49.2	[51,54)
70	66.4	[69,72)
70.7	72.5	[69,72)
68.3	71.3	[66,69)
54.1	52.4	[54,57)
49.1	36.2	[48,51)
54	52.9	[54,57)
59.7	62.2	[57,60)
63.7	59.5	[63,66)
64.6	76.1	[63,66)
67.2	74.7	[66,69)
70	63.3	[69,72)
61.6	50.1	[60,63)
67.2	62.5	[66,69)
32.4	34.1	[30,33)
47.2	45.8	[45,48)
34	26.3	[33,36)
70.7	66.4	[69,72)
37.8	37.5	[36,39)
49.1	47.6	[48,51)
39.3	50	[39,42)
69	78.1	[69,72)
58.8	53	[57,60)
27.7	31.5	[27,30)
79.4	64.7	[78,81)
42.1	50.5	[42,45)
38.4	43.5	[36,39)
51.2	45.9	[51,54)
29	25	[27,30)
26.5	29.8	[24,27)
38.5	34.2	[36,39)
44.2	36.4	[42,45)
49.6	50.5	[48,51)
69.5	70	[69,72)
42.7	45	[42,45)
58.5	66	[57,60)
23.4	23.8	[21,24)
57.3	54.2	[57,60)
67.8	69.8	[66,69)
36.7	34.4	[36,39)
72.3	67.9	[72,75)
68.9	58.4	[66,69)
63.8	64.1	[63,66)
35.8	40.7	[33,36)
43	40.9	[42,45)
76.1	72.4	[75,78)
61.5	67.1	[60,63)
46.5	44.8	[45,48)
38.4	48.7	[36,39)
69.5	65	[69,72)
44.2	53.9	[42,45)
55.1	49.3	[54,57)
67.4	56.5	[66,69)
46.3	54.6	[45,48)
45.7	48.1	[45,48)
66	65.7	[66,69)
64.4	70.2	[63,66)
32.3	36.1	[30,33)
53.4	53.4	[51,54)
69.7	68.2	[69,72)
57.1	49.8	[57,60)
49	44.5	[48,51)
53.3	55.1	[51,54)
57.1	55	[57,60)
27.7	31.6	[27,30)
47.3	45.6	[45,48)
53	60.2	[51,54)
73.6	74.7	[72,75)
49.9	52.5	[48,51)
49.9	48	[48,51)
66.5	70.9	[66,69)
68.2	65	[66,69)
48.1	40.6	[48,51)
59.2	68.8	[57,60)
44	31.7	[42,45)
65	69.2	[63,66)
69.6	74.6	[69,72)
47.8	53.1	[45,48)
63.2	68.2	[63,66)
50.5	49	[48,51)
42.9	38.5	[42,45)
53	55.2	[51,54)
53.1	50.3	[51,54)
75.8	69.7	[75,78)
34.2	37.6	[33,36)
62.8	66.1	[60,63)
40	36.5	[39,42)
41.7	47.3	[39,42)
70.5	68.8	[69,72)
64	66.9	[63,66)
47.6	45.3	[45,48)
52.4	49.3	[51,54)
56.7	47.2	[54,57)
68	74.2	[66,69)
24.7	36.5	[24,27)
56.7	57.3	[54,57)
58.9	48.8	[57,60)
43.4	46.5	[42,45)
64.8	66	[63,66)
35.5	36.1	[33,36)
65.2	70.4	[63,66)
42.5	47.2	[42,45)
59.6	57.1	[57,60)
47.7	41.7	[45,48)
57.7	58.9	[57,60)
40.4	33.8	[39,42)
46.4	51.9	[45,48)
44.3	43.4	[42,45)
56.5	51.6	[54,57)
55.1	59.6	[54,57)
34.5	39.7	[33,36)
32.1	24.6	[30,33)
28.5	26.8	[27,30)
56.1	51.2	[54,57)
47.3	50	[45,48)
65.1	67	[63,66)
67	67.5	[66,69)
74.8	74.4	[72,75)
32.5	33.7	[30,33)
67.9	66	[66,69)
45.7	45.3	[45,48)
57.7	46.9	[57,60)
62.4	71.1	[60,63)
58.9	64.8	[57,60)
39.6	41.2	[39,42)
62.5	73.2	[60,63)
38.4	38.3	[36,39)
76.5	72.3	[75,78)
35	29.5	[33,36)
43.4	48	[42,45)
64.9	60.2	[63,66)
40.8	35	[39,42)
41.5	47.6	[39,42)
65.6	72	[63,66)
58.1	54.2	[57,60)
72.8	71.4	[72,75)
41.1	39.6	[39,42)
59.8	57.8	[57,60)
36.4	34.4	[36,39)
56	61.4	[54,57)
42.9	48.5	[42,45)
31.4	24.9	[30,33)
64.8	70	[63,66)
54.4	51.3	[54,57)
64.1	55.7	[63,66)
52.9	44	[51,54)
82.3	77.6	[81,84)
40.2	44.8	[39,42)
60.5	61.4	[60,63)
39.6	36	[39,42)
48.7	51.6	[48,51)
27.7	38.3	[27,30)
59.6	60.6	[57,60)
45.7	47.2	[45,48)
36.5	36.3	[36,39)
49.9	53.7	[48,51)
73.3	64	[72,75)
36	32.7	[36,39)
38.8	38.3	[36,39)
51.2	49.2	[51,54)
54.4	56.5	[54,57)
49.3	48.1	[48,51)
61.8	70.6	[60,63)
62	56.7	[60,63)
50.2	40.8	[48,51)
44.7	39.2	[42,45)
81.6	72.8	[81,84)
51.2	46.8	[51,54)
71.3	76.8	[69,72)
77.4	79.5	[75,78)
45.6	47.8	[45,48)
51.4	53.2	[51,54)
26.1	30.9	[24,27)
24.5	22.5	[24,27)
39.5	37.1	[39,42)
45.5	47.8	[45,48)
56.6	55	[54,57)
51	54.5	[51,54)
62.8	64.6	[60,63)
58.5	54.2	[57,60)
35.3	36.3	[33,36)
73.7	73.3	[72,75)
28.2	31.3	[27,30)
42.1	43.8	[42,45)
64.1	67.8	[63,66)
69.4	66	[69,72)
36.9	29.8	[36,39)
71	66.9	[69,72)
27.8	27.1	[27,30)
70.6	70	[69,72)
36.3	32.5	[36,39)
69	65.4	[69,72)
36.8	34.9	[36,39)
70	61.6	[69,72)
53.5	40.7	[51,54)
59.8	51.4	[57,60)
32.1	33.4	[30,33)
66.8	55.6	[66,69)
46.5	49	[45,48)
28.7	41	[27,30)
22.7	30.4	[21,24)
74	70.1	[72,75)
40.9	35.7	[39,42)
30.4	32.9	[30,33)
72.9	58.1	[72,75)
72.1	73.4	[72,75)
72.4	67.7	[72,75)
38.8	37.1	[36,39)
44.1	43.1	[42,45)
69.2	70.2	[69,72)
56.3	67.4	[54,57)
63.9	64.2	[63,66)
56.4	51	[54,57)
47.4	45.1	[45,48)
58.9	58.9	[57,60)
34.6	46.3	[33,36)
40.8	41.9	[39,42)
29.5	31.3	[27,30)
32.4	36.6	[30,33)
67.2	70.8	[66,69)
38.5	29.4	[36,39)
40.1	50.7	[39,42)
41.3	38.9	[39,42)
64.8	66.8	[63,66)
43	38.9	[42,45)
60.6	65.3	[60,63)
57.5	54.2	[57,60)
35.3	38.7	[33,36)
57.1	56.1	[57,60)
73.6	72.1	[72,75)
62	51	[60,63)
38.8	31	[36,39)
66.9	68.9	[66,69)
68.7	66.4	[66,69)
57.8	63.5	[57,60)
65.3	67.9	[63,66)
29.9	42	[27,30)
34	31.4	[33,36)
46.6	46.1	[45,48)
24.8	28.1	[24,27)
36.7	46.6	[36,39)
30.2	24.2	[30,33)
48.2	45.5	[48,51)
37.5	32.6	[36,39)
68.4	67.1	[66,69)
48.1	49.5	[48,51)
62.4	73.4	[60,63)
33.3	29.1	[33,36)
49.8	56.1	[48,51)
43.7	43.4	[42,45)
40.5	42.7	[39,42)
44.2	51.1	[42,45)
51.3	43.1	[51,54)
70.2	66.9	[69,72)
35.7	34.3	[33,36)
40.4	46	[39,42)
22	18.6	[21,24)
43.2	45.1	[42,45)
59.2	53	[57,60)
61.2	60.3	[60,63)
40.3	63.5	[39,42)
74	70.6	[72,75)
44.3	38.1	[42,45)
31	22.7	[30,33)
29.5	23.3	[27,30)
64.2	66.1	[63,66)
60.6	71.2	[60,63)
54.1	55.3	[54,57)
23.4	25.4	[21,24)
44.8	51.2	[42,45)
38.2	37.4	[36,39)
53.8	56.4	[51,54)
79.3	75	[78,81)
59.7	62.9	[57,60)
67.9	71.4	[66,69)
54.7	57.8	[54,57)
72.7	74.1	[72,75)
47.6	39.4	[45,48)
72.1	70.6	[72,75)
54.4	49.7	[54,57)
34	32.5	[33,36)
29.6	31.3	[27,30)
72.8	77	[72,75)
44	48.7	[42,45)
47.7	36.8	[45,48)
76.1	75.6	[75,78)
53.7	56.4	[51,54)
59.7	55.9	[57,60)
29.3	26.4	[27,30)
71.2	76	[69,72)
61.5	51.1	[60,63)
68.5	76.1	[66,69)
29.4	41.6	[27,30)
70.4	74.6	[69,72)
35.6	41.1	[33,36)
24.4	27	[24,27)
60.9	66.2	[60,63)
36.7	35.2	[36,39)
28.9	33.8	[27,30)
35.9	33.4	[33,36)
51	52.5	[51,54)
63.7	57.2	[63,66)
64.6	62.2	[63,66)
42.7	45.6	[42,45)
43.8	50.4	[42,45)
51.2	51.7	[51,54)
31.5	31.2	[30,33)
65.6	54.8	[63,66)
53.4	49.4	[51,54)
60.9	68.7	[60,63)
43.2	37.7	[42,45)
48.2	49.9	[48,51)
77.5	70.9	[75,78)
55.6	52.7	[54,57)
44.8	47.6	[42,45)
35.4	26.4	[33,36)
40.4	41.3	[39,42)
68.9	65.6	[66,69)
48.6	48.2	[48,51)
44.3	43	[42,45)
61	56.6	[60,63)
62.5	53	[60,63)
57.1	56.6	[57,60)
80.6	76	[78,81)
66	67.3	[66,69)
56.6	50.1	[54,57)
43.3	34.9	[42,45)
54.2	56.2	[54,57)
52.9	50.6	[51,54)
46.1	36.6	[45,48)
36.2	37.9	[36,39)
71.7	72.4	[69,72)
57.4	56.2	[57,60)
49.3	49.9	[48,51)
52.5	54	[51,54)
71.7	69	[69,72)
21.4	30	[21,24)
32.5	32.3	[30,33)
44.4	48.6	[42,45)
44.5	52.6	[42,45)
42.8	43.3	[42,45)
69.5	66.9	[69,72)
48.9	39.9	[48,51)
46.2	38.5	[45,48)
70.1	69.9	[69,72)
27.1	28.5	[27,30)
47.1	54.2	[45,48)
43.4	54.8	[42,45)
22.3	25.3	[21,24)
74.4	76.7	[72,75)
55.4	53.5	[54,57)
35.7	39.8	[33,36)
56.5	49.9	[54,57)
47	44.2	[45,48)
69.5	73.6	[69,72)
61.7	53.8	[60,63)
64.6	67.8	[63,66)
27	30.7	[27,30)
68.7	68.9	[66,69)
60.8	69.5	[60,63)
48.6	49	[48,51)
33.9	30.1	[33,36)
63.9	68.4	[63,66)
52.8	46.2	[51,54)
30.7	29.6	[30,33)
76	72.7	[75,78)
56.9	48.8	[54,57)
32.5	36.6	[30,33)
68.7	65.3	[66,69)
64.5	63.1	[63,66)
25.4	30.3	[24,27)
56.1	53.1	[54,57)
35.7	37.6	[33,36)
49.8	47.8	[48,51)
35.2	33.7	[33,36)
50.5	49.4	[48,51)
46.7	49.3	[45,48)
44.7	49.1	[42,45)
35.6	39.1	[33,36)
30.3	38	[30,33)
49.9	53.5	[48,51)
39.2	33.2	[39,42)
66.7	67.4	[66,69)
42.2	51.1	[42,45)
77.7	74	[75,78)
73.8	67.8	[72,75)
66.3	70.8	[66,69)
64.6	58.9	[63,66)
49.2	51.7	[48,51)
51.2	66	[51,54)
34.3	31.8	[33,36)
37.6	39	[36,39)
47.1	47.8	[45,48)
49	49.4	[48,51)
50.7	51	[48,51)
61.7	62.2	[60,63)
35.4	44.3	[33,36)
37.7	38.1	[36,39)
71.3	70.7	[69,72)
65.4	74.6	[63,66)
33.9	33.6	[33,36)
23.8	25.1	[21,24)
27.1	24.4	[27,30)
53.6	52.9	[51,54)
44.1	53.4	[42,45)
33.3	32.2	[33,36)
50	42.9	[48,51)
57.8	49.9	[57,60)
65.5	59.3	[63,66)
31.1	35.7	[30,33)
21.4	26.9	[21,24)
57	48.7	[57,60)
44.1	50.4	[42,45)
44.8	40.7	[42,45)
59.9	68.5	[57,60)
71.2	66.6	[69,72)
29.2	39	[27,30)
43.5	31.5	[42,45)
55.3	54.3	[54,57)
66.7	76.5	[66,69)
40.6	34.8	[39,42)
47.8	42.6	[45,48)
49.4	43.9	[48,51)
33.3	37.6	[33,36)
52.3	49.8	[51,54)
67.9	62.1	[66,69)
33.4	40.5	[33,36)
65.3	60.5	[63,66)
48.8	51.3	[48,51)
51.3	52.6	[51,54)
49.5	43.5	[48,51)
74.2	66.5	[72,75)
37.1	42.6	[36,39)
73.1	73.6	[72,75)
47.9	52.6	[45,48)
57.3	56.8	[57,60)
67.4	64.9	[66,69)
47.9	43.5	[45,48)
63.9	48.1	[63,66)
56.7	55.4	[54,57)
42.5	40.1	[42,45)
32	37.2	[30,33)
58.6	52.5	[57,60)
49.2	50.4	[48,51)
52	54.7	[51,54)
33.7	28.4	[33,36)
66.7	59.7	[66,69)
43.8	39.2	[42,45)
57.3	60.7	[57,60)
47.1	40.4	[45,48)
47.2	45.8	[45,48)
48	56.9	[48,51)
54.9	52.7	[54,57)
33.2	30.6	[33,36)
48.4	45.7	[48,51)
67.7	71.8	[66,69)
74	69.8	[72,75)
34.1	26	[33,36)
31.9	34.9	[30,33)
51	50	[51,54)
31.7	36.4	[30,33)
65.3	69.6	[63,66)
41.1	35.7	[39,42)
48.2	44.6	[48,51)
30.8	30.8	[30,33)
66.7	69.1	[66,69)
58	60.4	[57,60)
42	51	[42,45)
29.6	21.3	[27,30)
54.6	50.2	[54,57)
57.4	53	[57,60)
62.6	66	[60,63)
72	75.1	[72,75)
32	30.4	[30,33)
68	67.9	[66,69)
68.2	68.6	[66,69)
57.1	57.1	[57,60)
73.2	70.3	[72,75)
70.4	72.2	[69,72)
41.6	45.3	[39,42)
58.2	52.4	[57,60)
46.3	43.7	[45,48)
53.7	52.9	[51,54)
51.5	62.4	[51,54)
45.8	51	[45,48)
39.9	35.1	[39,42)
38.3	39.6	[36,39)
48.2	48	[48,51)
72.6	74.4	[72,75)
47.2	48.4	[45,48)
55.4	51.8	[54,57)
53.3	51.2	[51,54)
50.2	42.4	[48,51)
49.1	44.7	[48,51)
50	41.1	[48,51)
49.3	56.4	[48,51)
55.2	53.4	[54,57)
50.4	55.1	[48,51)
24	27.6	[24,27)
41.1	46.4	[39,42)
64.5	73.4	[63,66)
49.5	54.6	[48,51)
24.1	29.1	[24,27)
57.2	50.6	[57,60)
55.3	49.5	[54,57)
66.6	66.8	[66,69)
36.2	47.6	[36,39)
78.3	76.8	[78,81)
53	41.6	[51,54)
64.4	69.2	[63,66)
38.1	40.4	[36,39)
70.9	71.8	[69,72)
78.9	75.8	[78,81)
57.6	55.1	[57,60)
35	35	[33,36)
69.1	72.3	[69,72)
53	53.6	[51,54)
74.1	76	[72,75)
72.6	71	[72,75)
70.3	64.9	[69,72)
62.1	64.6	[60,63)
64.4	64.1	[63,66)
68	66.8	[66,69)
22.7	31.4	[21,24)
37	31	[36,39)
59.2	56.2	[57,60)
62.9	64.6	[60,63)
58.3	63.3	[57,60)
63.3	66.1	[63,66)
48.7	47.2	[48,51)
62.1	68.6	[60,63)
60.7	55.8	[60,63)
40.6	29	[39,42)
53.7	56.4	[51,54)
42.7	48.3	[42,45)
37.2	38.2	[36,39)
71.1	71.4	[69,72)
49.6	51.6	[48,51)
49.2	50.3	[48,51)
34.8	40.9	[33,36)
34.4	29.1	[33,36)
55.3	47.9	[54,57)
50.1	49.3	[48,51)
67.3	77.1	[66,69)
34.7	37	[33,36)
56.4	61.7	[54,57)
68.6	67.2	[66,69)
67	73.6	[66,69)
22.8	25.2	[21,24)
50.7	54.4	[48,51)
46.1	49.1	[45,48)
44	34.3	[42,45)
61.8	63.1	[60,63)
68.1	63.8	[66,69)
34	33.6	[33,36)
60.6	63	[60,63)
65.2	72	[63,66)
76.9	74.8	[75,78)
51.7	57.2	[51,54)
45.4	42	[45,48)
29.8	38.8	[27,30)
50.3	45.9	[48,51)
48.8	38.8	[48,51)
80.7	75.6	[78,81)
53.3	51.7	[51,54)
48.1	43.7	[48,51)
68.7	63	[66,69)
48.8	50.6	[48,51)
59.4	52.2	[57,60)
72.7	71	[72,75)
60.9	64.1	[60,63)
62.2	66.4	[60,63)
33.6	32.4	[33,36)
58.5	63.7	[57,60)
65.5	72.4	[63,66)
29.5	32.1	[27,30)
22.6	26.4	[21,24)
48.9	52.4	[48,51)
69.2	73.1	[69,72)
61.9	63.3	[60,63)
65.4	75.2	[63,66)
69.3	71	[69,72)
43.1	45.2	[42,45)
36.6	47.7	[36,39)
30.2	33.2	[30,33)
24.4	28	[24,27)
53.4	58.6	[51,54)
43.2	37.6	[42,45)
35.6	45	[33,36)
61.7	64	[60,63)
57.6	64.9	[57,60)
70.2	69.6	[69,72)
51.6	57.4	[51,54)
34.6	34	[33,36)
34.1	35.5	[33,36)
69.1	69.7	[69,72)
56.2	57.6	[54,57)
41.4	45.9	[39,42)
47.6	47.6	[45,48)
47.9	46.6	[45,48)
51.1	55.8	[51,54)
47.6	48.9	[45,48)
52.4	66.5	[51,54)
41.5	46.1	[39,42)
37.7	31.5	[36,39)
18.7	24.8	[18,21)
81.1	76.4	[81,84)
55.6	59	[54,57)
63	64.1	[63,66)
34.9	33.5	[33,36)
26.7	25.6	[24,27)
69.4	69.4	[69,72)
71.8	74.8	[69,72)
59.9	64.9	[57,60)
71.9	73.3	[69,72)
72.7	64.4	[72,75)
23.3	23.7	[21,24)
66.3	59.7	[66,69)
47.6	46.4	[45,48)
79.5	73.7	[78,81)
52.3	48.8	[51,54)
69.4	71.2	[69,72)
56.1	62.5	[54,57)
46.3	44.7	[45,48)
76.9	73	[75,78)
69.2	63.2	[69,72)
62.8	75.5	[60,63)
51.7	51.2	[51,54)
67.9	60.6	[66,69)
53.9	49.7	[51,54)
58	64.2	[57,60)
60.1	64	[60,63)
56.7	42	[54,57)
56.8	56	[54,57)
42.7	48.1	[42,45)
76.1	75.3	[75,78)
29.3	33.6	[27,30)
79.1	68.9	[78,81)
45	45.3	[45,48)
63.4	64.2	[63,66)
34.1	39	[33,36)
25.3	32.4	[24,27)
48.9	62.2	[48,51)
42.3	35.8	[42,45)
66.7	66.6	[66,69)
58.5	50.8	[57,60)
66	69.5	[66,69)
46.3	45.3	[45,48)
59.5	60.6	[57,60)
43.7	38.7	[42,45)
25.6	25.8	[24,27)
74.9	71.7	[72,75)
44	42.3	[42,45)
38.7	43.4	[36,39)
71.1	68.6	[69,72)
36.9	31.8	[36,39)
32.8	39.9	[30,33)
49.4	57.4	[48,51)
55.7	49.9	[54,57)
42.8	49.6	[42,45)
42.5	50.6	[42,45)
56.2	54.3	[54,57)
50.3	53.9	[48,51)
51.4	52	[51,54)
30.1	30.5	[30,33)
46.3	50.1	[45,48)
70.7	75.3	[69,72)
65.7	69.5	[63,66)
49.1	37.8	[48,51)
69.5	75.6	[69,72)
44.7	41.4	[42,45)
64.4	70.8	[63,66)
46.6	54.8	[45,48)
77.9	70.8	[75,78)
55.6	54.3	[54,57)
73.9	76.4	[72,75)
34	36.2	[33,36)
41.6	42.2	[39,42)
35.9	38.8	[33,36)
60.7	70.9	[60,63)
37.2	37.3	[36,39)
48.4	43.4	[48,51)
50.7	54.1	[48,51)
47.6	44.3	[45,48)
45.4	41.3	[45,48)
73.6	70.3	[72,75)
43.3	42.5	[42,45)
58.6	61.2	[57,60)
47.3	50.6	[45,48)
43.4	43.1	[42,45)
49.3	41.3	[48,51)
73.3	69.5	[72,75)
43.4	41.5	[42,45)
39	53.3	[39,42)
30.4	30.1	[30,33)
58.5	65.1	[57,60)
34.8	26.3	[33,36)
37.2	34.4	[36,39)
48.2	51.5	[48,51)
25.3	22	[24,27)
56.5	66.8	[54,57)
61.8	65.7	[60,63)
74	71.4	[72,75)
65.8	72.4	[63,66)
51.3	45.3	[51,54)
25.6	31	[24,27)
39.6	41.3	[39,42)
56.8	54.9	[54,57)
49.7	52.1	[48,51)
41.2	39.7	[39,42)
19.5	26.9	[18,21)
53.7	51.7	[51,54)
20.2	25.9	[18,21)
67.5	68.3	[66,69)
52	56.2	[51,54)
24.8	25.3	[24,27)
67	66.2	[66,69)
70.7	65.7	[69,72)
69.1	67.3	[69,72)
48.4	42.5	[48,51)
57.7	59.6	[57,60)
46.6	56.5	[45,48)
66.4	70.6	[66,69)
47.9	44.8	[45,48)
48.3	58	[48,51)
32.7	37.1	[30,33)
35.4	42.6	[33,36)
40.1	43.8	[39,42)
33.2	32.9	[33,36)
62.3	66.5	[60,63)
63.2	64.3	[63,66)
34.3	36.9	[33,36)
66.9	69.7	[66,69)
59.9	61.3	[57,60)
72.8	69.8	[72,75)
63.5	67.7	[63,66)
67.6	51.1	[66,69)
56	57.6	[54,57)
66.4	65.2	[66,69)
52.3	49.8	[51,54)
27.9	33.8	[27,30)
43.1	42.7	[42,45)
47.2	42.6	[45,48)
48	48	[48,51)
29.5	31.3	[27,30)
52.7	50.1	[51,54)
46.7	47.8	[45,48)
56.7	57.3	[54,57)
45.1	53.5	[45,48)
51.2	49.8	[51,54)
19.3	26.9	[18,21)
50.9	48.8	[48,51)
60.5	57.4	[60,63)
75.8	75.2	[75,78)
47.6	46.4	[45,48)
55.7	50.9	[54,57)
74	66.7	[72,75)
55.9	50.1	[54,57)
60.7	56.4	[60,63)
41.5	43.6	[39,42)
76.4	75.6	[75,78)
45.5	41.5	[45,48)
65.6	69.8	[63,66)
76.8	70.8	[75,78)
56.2	56.4	[54,57)
33.4	32.2	[33,36)
44.1	45.7	[42,45)
60.1	67.8	[60,63)
50.4	51.9	[48,51)
38.9	37.8	[36,39)
31.2	32.3	[30,33)
63.5	72.2	[63,66)
51.2	49.1	[51,54)
67.8	72.7	[66,69)
49.6	48.3	[48,51)
34.1	28.2	[33,36)
31.9	24	[30,33)
47	46.2	[45,48)
62.6	72.4	[60,63)
73.7	72	[72,75)
63.3	60.3	[63,66)
59.3	67.4	[57,60)
57.5	61.5	[57,60)
35.1	40.8	[33,36)
48.6	48.5	[48,51)
29.2	32.8	[27,30)
55.8	62.9	[54,57)
58.7	52.7	[57,60)
66.4	73.3	[66,69)
50.9	62.2	[48,51)
34.5	40.3	[33,36)
52.7	51.8	[51,54)
58.2	47.6	[57,60)
52.2	50.4	[51,54)
78.3	71.4	[78,81)
41.7	44.6	[39,42)
51.5	48.3	[51,54)
64.1	57	[63,66)
56.9	57.5	[54,57)
49.6	52.8	[48,51)
42.2	36	[42,45)
33.9	32.5	[33,36)
65.4	66.8	[63,66)
46.6	44.8	[45,48)
45.6	37.1	[45,48)
70.7	69.2	[69,72)
80.7	75.5	[78,81)
31	33.5	[30,33)
28.3	32.6	[27,30)
44.5	45.9	[42,45)
66.1	54.3	[66,69)
53.3	55.1	[51,54)
32.1	28.1	[30,33)
71.5	76.7	[69,72)
57.9	67.4	[57,60)
65.7	65.6	[63,66)
56.8	60.6	[54,57)
69.8	62.6	[69,72)
45.2	43.6	[45,48)
76.3	67.9	[75,78)
45.5	41.5	[45,48)
74.9	72.9	[72,75)
64.4	60.6	[63,66)
68.3	66.6	[66,69)
70.2	73.3	[69,72)
65.9	64.3	[63,66)
56.7	53.7	[54,57)
80.3	72.2	[78,81)
62.9	68	[60,63)
23.9	28.9	[21,24)
50.1	51.2	[48,51)
67.3	70.5	[66,69)
52.8	53.8	[51,54)
60.8	70.7	[60,63)
67.1	73.3	[66,69)
47.3	56.5	[45,48)
40.5	40.6	[39,42)
55.1	61.3	[54,57)
68.5	64.4	[66,69)
54.5	52.3	[54,57)
52.6	49.7	[51,54)
54.9	70.4	[54,57)
70.6	69.8	[69,72)
59.4	68	[57,60)
54.5	47.4	[54,57)
62.9	66.5	[60,63)
82.4	73.2	[81,84)
31.9	31.9	[30,33)
55.1	52.8	[54,57)
39.7	32.8	[39,42)
28.4	34.1	[27,30)
69.2	67.8	[69,72)
62.9	67.5	[60,63)
60.8	65.7	[60,63)
75.9	77	[75,78)
58.9	59.7	[57,60)
59	67.3	[57,60)
51.5	49	[51,54)
52.7	56.9	[51,54)
68	65.7	[66,69)
61.2	61.7	[60,63)
57.6	61.7	[57,60)
56.8	56.7	[54,57)
44.1	46	[42,45)
48.5	46.2	[48,51)
37.2	28.3	[36,39)
64	55.1	[63,66)
31.4	34.6	[30,33)
25.3	29.9	[24,27)
66.2	64.6	[66,69)
62.6	58.8	[60,63)
64.6	70.6	[63,66)
72.1	75.2	[72,75)
69.4	73.4	[69,72)
34.7	34.3	[33,36)
33.6	37	[33,36)
47.1	41.5	[45,48)
54.4	49	[54,57)
78.3	73.8	[78,81)
30.1	29.7	[30,33)
61.9	63	[60,63)
63.7	67.3	[63,66)
74.6	76.3	[72,75)
47.6	49.2	[45,48)
39.1	42.8	[39,42)
37.1	37.5	[36,39)
56	62.9	[54,57)
59.4	54.7	[57,60)
47.6	48.9	[45,48)
49.6	54.9	[48,51)
71.6	72.4	[69,72)
39.1	46.8	[39,42)
35.8	38.1	[33,36)
49	44.7	[48,51)
45.4	41.6	[45,48)
54.5	49.8	[54,57)
49.6	65.6	[48,51)
42.7	43.4	[42,45)
40.8	44	[39,42)
77	65.6	[75,78)
70	69	[69,72)
45.9	40.4	[45,48)
48.8	53.1	[48,51)
24.9	29.3	[24,27)
31.1	33.6	[30,33)
51.7	49.4	[51,54)
45.1	45.6	[45,48)
62.6	65.4	[60,63)
65.3	70.7	[63,66)
52	43.8	[51,54)
51.9	54.3	[51,54)
56.2	56.3	[54,57)
73.9	69.8	[72,75)
34.6	49.8	[33,36)
51.1	48.6	[51,54)
61.9	70	[60,63)
70.2	69.8	[69,72)
47.8	50	[45,48)
36.9	30.1	[36,39)
73.5	74	[72,75)
71.4	74.6	[69,72)
46.9	43.9	[45,48)
33.8	36.5	[33,36)
35.2	37.1	[33,36)
76.5	68.3	[75,78)
62.4	58.3	[60,63)
34.8	39.1	[33,36)
64.7	63.3	[63,66)
55.4	62.6	[54,57)
51.7	52.8	[51,54)
67.4	64.1	[66,69)
39.5	34.2	[39,42)
53.8	55.3	[51,54)
35.5	41.6	[33,36)
62.4	58.3	[60,63)
31	32.2	[30,33)
51.7	48.9	[51,54)
59.5	47.5	[57,60)
60.1	67.1	[60,63)
61.5	57.1	[60,63)
45.1	43.8	[45,48)
38.4	31.7	[36,39)
39.1	36.8	[39,42)
42.3	39.1	[42,45)
48.7	52.1	[48,51)
50.8	45.5	[48,51)
72.4	73.3	[72,75)
64.1	74.3	[63,66)
36.7	33.9	[36,39)
61.9	55.9	[60,63)
59.2	69.9	[57,60)
67.6	66.8	[66,69)
56.2	49.2	[54,57)
31.8	25.7	[30,33)
56.1	61.5	[54,57)
50.1	52.1	[48,51)
24.8	29.3	[24,27)
36.5	32.6	[36,39)
56.7	65.9	[54,57)
54.9	58.8	[54,57)
64.6	75.2	[63,66)
24.9	31.2	[24,27)
53.1	46.4	[51,54)
47.7	45	[45,48)
70.9	74	[69,72)
69.5	67	[69,72)
57.1	61.1	[57,60)
74.5	74.8	[72,75)
37.3	46.5	[36,39)
18.8	26	[18,21)
50.8	45.8	[48,51)
48.1	50.9	[48,51)
77.4	80.1	[75,78)
71.5	63.8	[69,72)
46.7	42.7	[45,48)
54.9	54.1	[54,57)
29.6	30.8	[27,30)
66.3	63.6	[66,69)
64.8	63.1	[63,66)
23.8	26.6	[21,24)
32.5	35.2	[30,33)
47.5	56.3	[45,48)
56.2	45.1	[54,57)
36.1	33.8	[36,39)
75.7	69.1	[75,78)
61.8	64.5	[60,63)
23.3	33.9	[21,24)
25.7	29.2	[24,27)
61.8	49	[60,63)
71.6	73.8	[69,72)
54.3	48.3	[54,57)
47	44.6	[45,48)
26.9	28.3	[24,27)
79.3	72.8	[78,81)
29	32.6	[27,30)
55.2	57.7	[54,57)
32.1	30	[30,33)
33.6	28.4	[33,36)
38.8	38.8	[36,39)
74.4	76.6	[72,75)
61.3	66.4	[60,63)
69.4	63.9	[69,72)
57.1	63.4	[57,60)
22.1	21.5	[21,24)
46.7	47.8	[45,48)
72.5	67.3	[72,75)
51.4	55.4	[51,54)
45.2	52.6	[45,48)
57.5	47.8	[57,60)
59.4	52.3	[57,60)
48.8	42.6	[48,51)
71	75.8	[69,72)
60.1	66.2	[60,63)
44.4	45.4	[42,45)
70.5	68.5	[69,72)
47.1	45	[45,48)
63.4	67.2	[63,66)
65.7	63	[63,66)
72.6	74.2	[72,75)
71	70.9	[69,72)
37.3	42.3	[36,39)
39.2	49.3	[39,42)
66.7	70.4	[66,69)
63.8	68.6	[63,66)
82.5	70.2	[81,84)
50.1	48.3	[48,51)
70.3	74.1	[69,72)
47.6	52	[45,48)
30.2	20.3	[30,33)
34.3	35.9	[33,36)
53.4	49.2	[51,54)
51.9	57.1	[51,54)
39.5	45.8	[39,42)
50.7	51.7	[48,51)
56.7	53.6	[54,57)
54.2	49.6	[54,57)
59	55.8	[57,60)
46.4	35.4	[45,48)
72.1	77.5	[72,75)
28.2	30.2	[27,30)
60.8	66.1	[60,63)
54	57.2	[54,57)
58.3	62.7	[57,60)
57	67.5	[57,60)
49.9	43.6	[48,51)
48.4	45.3	[48,51)
65.6	64	[63,66)
69.1	60.1	[69,72)
65.6	62.9	[63,66)
47.2	53.3	[45,48)
49.4	55.8	[48,51)
71.7	74.2	[69,72)
57.3	55.5	[57,60)
46.9	50.9	[45,48)
45.8	41.4	[45,48)
60.6	57.5	[60,63)
73.2	70.4	[72,75)
21.2	28.7	[21,24)
38.5	41.2	[36,39)
72.4	72.6	[72,75)
62.8	65.5	[60,63)
41.5	29.8	[39,42)
38.9	39.2	[36,39)
50.9	46	[48,51)
77.3	73.6	[75,78)
51	61.3	[51,54)
68.5	70.9	[66,69)
49.5	52.3	[48,51)
72.7	70.9	[72,75)
66.4	69.9	[66,69)
21.6	19.5	[21,24)
72.7	73.6	[72,75)
36.8	35.2	[36,39)
60.1	62.6	[60,63)
57.5	74.8	[57,60)
24.1	23.2	[24,27)
53	51.9	[51,54)
57.8	58.3	[57,60)
60.1	51.5	[60,63)
50.2	44.2	[48,51)
32.7	32.9	[30,33)
65.2	61.5	[63,66)
66.8	70.7	[66,69)
56.3	47.4	[54,57)
58.5	68.2	[57,60)
49.2	51	[48,51)
42	38.3	[42,45)
54.3	43.4	[54,57)
61.6	53.3	[60,63)
70	65.6	[69,72)
56.9	49.7	[54,57)
50.6	55.9	[48,51)
52.6	53.8	[51,54)
44.5	34.2	[42,45)
61.9	71.3	[60,63)
51.5	54.4	[51,54)
81.5	73.7	[81,84)
38.9	32.3	[36,39)
48	42.6	[48,51)
79.3	72.1	[78,81)
55.7	52.5	[54,57)
35.2	35.3	[33,36)
43.8	33.4	[42,45)
64.5	60.1	[63,66)
51.8	39.8	[51,54)
61.9	69.1	[60,63)
50.2	52.6	[48,51)
67.3	61.5	[66,69)
33.8	33.1	[33,36)
78.5	74.3	[78,81)
45	54.5	[45,48)
69.2	70.9	[69,72)
58	67.4	[57,60)
26.4	22.7	[24,27)
40.9	42.2	[39,42)
47.1	39.6	[45,48)
64.4	71.2	[63,66)
54	50.9	[54,57)
55.5	50.5	[54,57)
62.8	67.1	[60,63)
51.7	52.7	[51,54)
67	71.7	[66,69)
40.8	44.9	[39,42)
40.2	38.5	[39,42)
44	36.8	[42,45)
43.5	38.2	[42,45)
73.3	73.6	[72,75)
51.2	33.6	[51,54)
52.3	54.2	[51,54)
42.2	44.8	[42,45)
58	57.1	[57,60)
55.7	50.6	[54,57)
38.3	40.4	[36,39)
46.4	37	[45,48)
79.7	77.6	[78,81)
72.1	71.1	[72,75)
54.6	56.3	[54,57)
78.7	72	[78,81)
54.8	63.9	[54,57)
34.1	31.9	[33,36)
61.5	66.4	[60,63)
73.1	77	[72,75)
39.8	39.3	[39,42)
43.4	50.9	[42,45)
46.5	49.4	[45,48)
55.6	50.4	[54,57)
45.8	49.1	[45,48)
74.7	67.5	[72,75)
68.9	69.3	[66,69)
52.3	51.3	[51,54)
75.4	70	[75,78)
66.9	58.6	[66,69)
71	67.8	[69,72)
57.3	67.2	[57,60)
36.2	43.3	[36,39)
56.5	62.4	[54,57)
58.9	66	[57,60)
33.2	36.2	[33,36)
77.8	71.7	[75,78)
27.7	32.1	[27,30)
30.4	16.6	[30,33)
39.4	36.9	[39,42)
35	30.7	[33,36)
53.9	57.4	[51,54)
60.8	65.1	[60,63)
69.7	62	[69,72)
39.5	40.8	[39,42)
45.3	39.8	[45,48)
30	32.2	[30,33)
24.8	28.3	[24,27)
65.3	74.9	[63,66)
53.4	58.8	[51,54)
50.2	45.3	[48,51)
52.8	67.6	[51,54)
61.4	58.2	[60,63)
77.1	70	[75,78)
38.7	38.6	[36,39)
71.8	71.3	[69,72)
64.3	67.5	[63,66)
39.2	41.6	[39,42)
74.3	75.1	[72,75)
63	65	[63,66)
36.6	32.3	[36,39)
19.3	24.3	[18,21)
40.2	34.8	[39,42)
56.2	69.7	[54,57)
43.8	43.1	[42,45)
74.6	74.6	[72,75)
49.4	53.8	[48,51)
47.2	37.8	[45,48)
48.6	48.1	[48,51)
70.6	75	[69,72)
57.9	63.3	[57,60)
70.1	71.4	[69,72)
73.8	74.1	[72,75)
34.4	34	[33,36)
49.3	57.2	[48,51)
53.6	61.5	[51,54)
49.6	54.6	[48,51)
58.7	57.7	[57,60)
30.6	36.3	[30,33)
65.7	62.3	[63,66)
24.6	26.4	[24,27)
43.6	42.1	[42,45)
64.4	69.4	[63,66)
71.2	70.6	[69,72)
65.1	61.7	[63,66)
62.6	55	[60,63)
62	64.1	[60,63)
54.8	55.9	[54,57)
49.8	51.5	[48,51)
59.3	60.1	[57,60)
57.9	53.6	[57,60)
53.7	51	[51,54)
65.6	67	[63,66)
29.9	37.2	[27,30)
55.6	54.5	[54,57)
70.4	72.5	[69,72)
79.1	70	[78,81)
54.6	56.7	[54,57)
50.8	49.4	[48,51)
52	53.6	[51,54)
49.6	49.4	[48,51)
52.4	46.8	[51,54)
43.5	45.9	[42,45)
69.5	69.6	[69,72)
33.2	31.6	[33,36)
30.8	35.4	[30,33)
31.7	32	[30,33)
53.6	53.2	[51,54)
60.5	58.7	[60,63)
29.9	36	[27,30)
29.6	32.1	[27,30)
46.8	47.7	[45,48)
75.9	68.4	[75,78)
33	34.3	[33,36)
48.4	44.7	[48,51)
45.7	52.2	[45,48)
42.8	43.4	[42,45)
62.8	66.6	[60,63)
44.3	55.9	[42,45)
69.4	66.8	[69,72)
67.1	74.9	[66,69)
52.1	50.7	[51,54)
51.2	51	[51,54)
48.4	53.1	[48,51)
59.1	54.8	[57,60)
54.6	58.4	[54,57)
71.1	66.7	[69,72)
45	45.6	[45,48)
45.4	45	[45,48)
46.6	42.8	[45,48)
62.2	53.6	[60,63)
52.8	52.5	[51,54)
47	51.4	[45,48)
73.4	68	[72,75)
47.7	47.5	[45,48)
43.8	48.8	[42,45)
68.4	69.9	[66,69)
56	66.9	[54,57)
68.9	61.7	[66,69)
54.9	52.8	[54,57)
54.6	47	[54,57)
19.5	30.9	[18,21)
34.6	36.4	[33,36)
41.5	44.7	[39,42)
39.2	38.5	[39,42)
37.5	36.6	[36,39)
38.3	40.5	[36,39)
59	65.6	[57,60)
31.2	33.7	[30,33)
62.8	65.5	[60,63)
35.9	38.7	[33,36)
45.9	47.8	[45,48)
73.9	76.7	[72,75)
63.4	64.5	[63,66)
74.6	74.5	[72,75)
71.6	72.9	[69,72)
50.7	75.4	[48,51)
49.5	49.9	[48,51)
45.7	41.2	[45,48)
30.4	31.7	[30,33)
59.3	54.5	[57,60)
34.6	37.9	[33,36)
28.7	29.4	[27,30)
54	48	[54,57)
59.2	67.9	[57,60)
66.7	68.3	[66,69)
33	28.7	[33,36)
38.4	29.9	[36,39)
50.2	48.8	[48,51)
54.8	53.3	[54,57)
51.7	46.8	[51,54)
54	51.1	[54,57)
49.1	49	[48,51)
43.7	62.2	[42,45)
59.8	48.2	[57,60)
57.7	62.4	[57,60)
39.5	35.2	[39,42)
46.5	54.2	[45,48)
46.9	47.2	[45,48)
43.8	49.3	[42,45)
29.5	34.3	[27,30)
41.4	31.8	[39,42)
70.3	69.4	[69,72)
56.7	56.6	[54,57)
69.9	68.1	[69,72)
58.6	54.2	[57,60)
42.7	35	[42,45)
70.6	73.9	[69,72)
59.9	57.8	[57,60)
70.3	67.5	[69,72)
68.9	67.8	[66,69)
36	44.2	[36,39)
56	54	[54,57)
47.2	69.1	[45,48)
55.5	63.4	[54,57)
41	39.5	[39,42)
70.4	74.7	[69,72)
31.2	33.4	[30,33)
25.7	28.6	[24,27)
37.4	28	[36,39)
76.1	71	[75,78)
62.5	66.5	[60,63)
62.4	62.4	[60,63)
73.6	72.4	[72,75)
62	60.8	[60,63)
61.8	49.1	[60,63)
65.1	67.7	[63,66)
29	33	[27,30)
73.3	75.9	[72,75)
48.6	45.5	[48,51)
35	27.3	[33,36)
60.1	53.7	[60,63)
57.2	59.2	[57,60)
37.4	43.4	[36,39)
32.8	30	[30,33)
51.9	54.4	[51,54)
50.8	54	[48,51)
26	34.2	[24,27)
37.6	29.5	[36,39)
59.1	69.4	[57,60)
25.8	30.3	[24,27)
56.5	53.2	[54,57)
50.2	51.3	[48,51)
43	41.5	[42,45)
60.9	69	[60,63)
57.4	57.1	[57,60)
41.8	44.6	[39,42)
44.5	50.9	[42,45)
62.9	60.2	[60,63)
74.2	67.3	[72,75)
35.8	40.9	[33,36)
45.1	36.4	[45,48)
82	69.9	[81,84)
52	55.8	[51,54)
68.2	71.4	[66,69)
64	65	[63,66)
25.2	25.2	[24,27)
66.2	72.2	[66,69)
62.2	67.1	[60,63)
30.8	25.6	[30,33)
67.6	64.4	[66,69)
46.1	42.9	[45,48)
53.5	48.6	[51,54)
31.9	32.8	[30,33)
35.5	38.5	[33,36)
72.2	70.1	[72,75)
41.9	45.4	[39,42)
51.2	50.8	[51,54)
53.5	56.5	[51,54)
38	40.5	[36,39)
47.1	42.3	[45,48)
66.2	65.5	[66,69)
33	35.9	[33,36)
39.8	47	[39,42)
31	33.6	[30,33)
62.8	72.8	[60,63)
44.1	49.9	[42,45)
44.9	46.5	[42,45)
70.3	75.4	[69,72)
44.8	51	[42,45)
57	54.2	[57,60)
67	67.1	[66,69)
55.8	46.4	[54,57)
36.5	38.9	[36,39)
65.1	65.3	[63,66)
61.3	69.8	[60,63)
64.8	71.6	[63,66)
63.9	58	[63,66)
56.4	47.8	[54,57)
73.4	67.6	[72,75)
32.2	30.1	[30,33)
69.1	69.1	[69,72)
44.3	49.9	[42,45)
59.6	58.2	[57,60)
55.8	43.6	[54,57)
31.3	28.1	[30,33)
69.6	68.2	[69,72)
78.1	74.2	[78,81)
47.1	44.4	[45,48)
58.6	60.6	[57,60)
77	72.6	[75,78)
65.5	66.6	[63,66)
20.8	29.6	[18,21)
44.6	42.7	[42,45)
46.7	44.9	[45,48)
65.8	63.3	[63,66)
66.3	70.2	[66,69)
72.1	70.4	[72,75)
75.2	69.9	[75,78)
65.5	69.1	[63,66)
36.9	38.2	[36,39)
69.1	70.1	[69,72)
41	37.6	[39,42)
52.4	49.5	[51,54)
64.6	73.9	[63,66)
47.7	53.6	[45,48)
49.7	43.8	[48,51)
71.8	71.8	[69,72)
43.7	29.6	[42,45)
49.4	49.1	[48,51)
57.8	50.3	[57,60)
33.3	36.4	[33,36)
67.3	75.8	[66,69)
53.8	46.9	[51,54)
38.4	41.2	[36,39)
46.4	45.7	[45,48)
33.1	30.6	[33,36)
31.6	25.9	[30,33)
59.3	68.4	[57,60)
66.8	62.2	[66,69)
52.3	52.1	[51,54)
65.6	69.7	[63,66)
75.4	76.3	[75,78)
58	59.9	[57,60)
26.5	21.8	[24,27)
52.9	36.5	[51,54)
66.2	65.2	[66,69)
65.8	69.7	[63,66)
51.4	56.9	[51,54)
37.4	34	[36,39)
65.3	65.9	[63,66)
53.9	43.1	[51,54)
50.7	53.5	[48,51)
54.6	48.6	[54,57)
45.3	45.4	[45,48)
37.5	30.3	[36,39)
40.6	45.9	[39,42)
69.9	65.1	[69,72)
25.7	24.8	[24,27)
75.2	71.9	[75,78)
71.6	71	[69,72)
51.5	54.4	[51,54)
46.6	52.2	[45,48)
74.8	71.8	[72,75)
57	56.3	[57,60)
54	48.9	[54,57)
38.9	32.1	[36,39)
65.3	70.7	[63,66)
39.6	33.2	[39,42)
46.8	42.8	[45,48)
64.4	64.8	[63,66)
56.3	53	[54,57)
59.3	55.9	[57,60)
74.3	68.6	[72,75)
55.2	55.6	[54,57)
45.3	39	[45,48)
49.1	48.7	[48,51)
55.3	56.4	[54,57)
68.6	68.2	[66,69)
46.2	48.5	[45,48)
46.1	45	[45,48)
64.1	63.6	[63,66)
43.9	41.7	[42,45)
75.7	66.3	[75,78)
48.4	58.4	[48,51)
80.5	76.2	[78,81)
69.9	70.1	[69,72)
64	63.2	[63,66)
55.4	48	[54,57)
50.3	54	[48,51)
61.7	70.3	[60,63)
47.1	55.1	[45,48)
32.9	35.8	[30,33)
62.8	75.2	[60,63)
67.6	72.2	[66,69)
55.1	57.3	[54,57)
40.9	50.5	[39,42)
47.6	56.7	[45,48)
51.3	51.9	[51,54)
48.7	47.4	[48,51)
52.4	52.3	[51,54)
36.7	30.9	[36,39)
49.2	43.1	[48,51)
32.2	31	[30,33)
61.4	63.7	[60,63)
56	50.9	[54,57)
48.5	55.2	[48,51)
68.2	64.8	[66,69)
66	66.8	[66,69)
52	51.8	[51,54)
46.9	46.3	[45,48)
35.4	40.3	[33,36)
39.2	46	[39,42)
42	40.7	[42,45)
41.6	39.3	[39,42)
45.4	53.5	[45,48)
55	61.7	[54,57)
50.8	52	[48,51)
69.2	67.8	[69,72)
53.9	29.5	[51,54)
48.8	49.4	[48,51)
32.8	41.8	[30,33)
34.1	36	[33,36)
67.4	66.9	[66,69)
62.3	70.4	[60,63)
42.4	44.1	[42,45)
47.8	50.1	[45,48)
41.5	42.1	[39,42)
34	38.5	[33,36)
53.9	62.1	[51,54)
78.2	70.1	[78,81)
36.5	40.5	[36,39)
63	52.3	[63,66)
78.1	71.3	[78,81)
76.2	75.3	[75,78)
27.3	31.8	[27,30)
49.1	47.8	[48,51)
62.5	67.2	[60,63)
73.6	71.7	[72,75)
76.6	69.4	[75,78)
40.8	48	[39,42)
36.1	31.4	[36,39)
38.4	38.5	[36,39)
74	75.4	[72,75)
45.9	40.5	[45,48)
57.5	69	[57,60)
33.8	31.8	[33,36)
62.3	67.3	[60,63)
71.1	67.7	[69,72)
50.3	48.4	[48,51)
61.3	66.4	[60,63)
39.3	36.8	[39,42)
43.5	46.9	[42,45)
18.2	23.9	[18,21)
50.7	59	[48,51)
38.7	48	[36,39)
48.5	59	[48,51)
77.6	69.6	[75,78)
65.7	70.6	[63,66)
40.8	47.9	[39,42)
39.1	40.1	[39,42)
59.2	56.5	[57,60)
26.6	30.6	[24,27)
32.3	30.9	[30,33)
62.6	49.6	[60,63)
35.4	30.4	[33,36)
52.6	52.5	[51,54)
56.1	53.5	[54,57)
29.7	37	[27,30)
74.9	71.8	[72,75)
63	62.2	[63,66)
30.9	39.3	[30,33)
54.9	51.9	[54,57)
67.9	64.8	[66,69)
32.2	25.9	[30,33)
77.5	75.4	[75,78)
69	63	[69,72)
60.3	54.2	[60,63)
46.2	41.7	[45,48)
55.9	46.3	[54,57)
57.8	69	[57,60)
68.6	74.5	[66,69)
68.3	75.7	[66,69)
54.5	49.1	[54,57)
61	67	[60,63)
78	73.1	[78,81)
43.4	45	[42,45)
62.4	65.7	[60,63)
40	49.3	[39,42)
45.4	33.9	[45,48)
41	30.6	[39,42)
54.4	70.5	[54,57)
41.9	43.1	[39,42)
31.2	30.6	[30,33)
54.8	58.6	[54,57)
45	40.7	[45,48)
48.9	40	[48,51)
43.7	44.5	[42,45)
50.6	56.4	[48,51)
52.4	53.2	[51,54)
72.7	66	[72,75)
43.3	43.3	[42,45)
80.8	74.5	[78,81)
72.1	70.7	[72,75)
48.1	38.2	[48,51)
51	42.6	[51,54)
33.2	31.4	[33,36)
53	61.5	[51,54)
27.5	20.7	[27,30)
29	37.4	[27,30)
74.2	73.2	[72,75)
50.1	58.2	[48,51)
33	28.9	[33,36)
31.6	28.8	[30,33)
42.2	42.8	[42,45)
55.3	58.4	[54,57)
62.9	64.2	[60,63)
43.5	39.7	[42,45)
46	48.4	[45,48)
43.9	47.7	[42,45)
50.6	49.3	[48,51)
48.4	42.9	[48,51)
72.8	72.3	[72,75)
41.1	38.4	[39,42)
37.4	48.1	[36,39)
71	63.7	[69,72)
41.8	56.7	[39,42)
61.3	62.9	[60,63)
61.9	59.5	[60,63)
40.2	44.2	[39,42)
54	57.3	[54,57)
51	50.2	[51,54)
48.4	36.9	[48,51)
63.1	73.4	[63,66)
44.2	38.6	[42,45)
39	31.6	[39,42)
50.6	48.5	[48,51)
23.7	29.6	[21,24)
53	51.1	[51,54)
26.6	29.9	[24,27)
41.8	34.6	[39,42)
47.4	48.9	[45,48)
47.1	51.2	[45,48)
64	66.7	[63,66)
54.4	55.6	[54,57)
50.5	50	[48,51)
54	54.2	[54,57)
28.2	31.3	[27,30)
52.2	55	[51,54)
61.9	66.5	[60,63)
55.2	51.4	[54,57)
40.4	44.1	[39,42)
52.6	52.5	[51,54)
39.1	54.7	[39,42)
23.5	28.7	[21,24)
68.9	67.9	[66,69)
61.2	68.9	[60,63)
79.9	67.1	[78,81)
29.9	33.9	[27,30)
32.9	34.3	[30,33)
64.6	67.4	[63,66)
59.5	58.3	[57,60)
68.9	64.7	[66,69)
56	60.2	[54,57)
54	54.5	[54,57)
49.6	59.1	[48,51)
64.4	59.6	[63,66)
68.5	35.2	[66,69)
67.3	65.2	[66,69)
50.8	41.6	[48,51)
35.5	39.4	[33,36)
54.1	53.8	[54,57)
62.4	69.6	[60,63)
31.8	36.1	[30,33)
27.3	23.3	[27,30)
58.2	53.2	[57,60)
39.5	46	[39,42)
34.5	37.9	[33,36)
36.5	34.8	[36,39)
30.2	38	[30,33)
47.3	45.8	[45,48)
33.6	39.6	[33,36)
59.5	49.8	[57,60)
30.4	34.6	[30,33)
57.1	58.6	[57,60)
67	60.6	[66,69)
49.7	52.3	[48,51)
44.2	44.8	[42,45)
66.4	66	[66,69)
65.9	75.1	[63,66)
53	45.1	[51,54)
79.9	73	[78,81)
40.1	40.9	[39,42)
46.1	43.7	[45,48)
44	42.4	[42,45)
67.3	49.9	[66,69)
57.6	56.4	[57,60)
40.7	36.3	[39,42)
23.1	27.5	[21,24)
42.7	31.8	[42,45)
67	72.4	[66,69)
49.1	54.4	[48,51)
56.7	57.2	[54,57)
53.3	50	[51,54)
50.6	47.1	[48,51)
67.9	71.6	[66,69)
34.4	35.9	[33,36)
42.1	43.2	[42,45)
70.3	66.8	[69,72)
54.6	50.5	[54,57)
70.3	74.4	[69,72)
70.4	75.3	[69,72)
60.4	66	[60,63)
69.6	70.6	[69,72)
54.1	54.2	[54,57)
39.2	53.3	[39,42)
31.8	33.8	[30,33)
54.8	51.7	[54,57)
43.6	46.9	[42,45)
42.5	47.4	[42,45)
34.8	43.9	[33,36)
68	74.5	[66,69)
33.6	34.6	[33,36)
26.4	32.4	[24,27)
61.8	63.8	[60,63)
60.3	57.2	[60,63)
76.3	74.4	[75,78)
31.5	27.2	[30,33)
61.6	62.7	[60,63)
29.5	27.2	[27,30)
64.7	66.9	[63,66)
36.7	36.8	[36,39)
62	69.4	[60,63)
59.5	69.6	[57,60)
32.7	36.8	[30,33)
43.1	60	[42,45)
32.6	28.2	[30,33)
31.7	35.2	[30,33)
57.6	65	[57,60)
64.9	72.7	[63,66)
35.8	39	[33,36)
61.1	69.8	[60,63)
63.2	56.6	[63,66)
67.1	70.6	[66,69)
79.1	77.1	[78,81)
54.5	52.4	[54,57)
47.9	48.2	[45,48)
31.8	33.7	[30,33)
37.7	36.6	[36,39)
66.7	64	[66,69)
71.9	65.1	[69,72)
67	70.3	[66,69)
45.2	50.8	[45,48)
55.6	56.1	[54,57)
48.1	42.8	[48,51)
69.7	74.2	[69,72)
69.8	74	[69,72)
47.5	54.1	[45,48)
67.8	69.3	[66,69)
82.9	73.1	[81,84)
59.1	63.9	[57,60)
54	63.7	[54,57)
48.2	47.7	[48,51)
71.2	68.6	[69,72)
68.5	72.2	[66,69)
60.4	63.8	[60,63)
54.6	50.2	[54,57)
64.4	61.9	[63,66)
25.6	29.8	[24,27)
41.7	48.5	[39,42)
55.1	49.2	[54,57)
64.8	70.4	[63,66)
46.1	55	[45,48)
57.8	60.6	[57,60)
43	50.7	[42,45)
37.8	39.3	[36,39)
62	65.8	[60,63)
35.1	35.5	[33,36)
62.5	53	[60,63)
22.8	30.9	[21,24)
71.7	72.9	[69,72)
63.7	57.1	[63,66)
43.5	40.9	[42,45)
57	55.9	[57,60)
37.5	37.1	[36,39)
37.6	37.8	[36,39)
40.4	38.4	[39,42)
68.9	70.2	[66,69)
76.5	69.2	[75,78)
33.2	32	[33,36)
45.5	43.5	[45,48)
56.4	67.4	[54,57)
37	35.3	[36,39)
43.5	49.3	[42,45)
52.2	44.1	[51,54)
70.6	72.2	[69,72)
54.9	50.2	[54,57)
41.9	42.4	[39,42)
40.9	36.5	[39,42)
75.4	64	[75,78)
50.2	50.3	[48,51)
36.5	42.3	[36,39)
72.4	68.2	[72,75)
50.9	57.5	[48,51)
48.2	52.9	[48,51)
29.2	25.1	[27,30)
45.7	37.6	[45,48)
39.7	36.2	[39,42)
33.2	39.9	[33,36)
51.3	58.5	[51,54)
27.8	30.4	[27,30)
71.8	68.7	[69,72)
45	45.5	[45,48)
73.3	73.7	[72,75)
52.4	51.4	[51,54)
72.3	73.6	[72,75)
66.3	65.4	[66,69)
36.8	37.8	[36,39)
53.3	63.8	[51,54)
66.2	75.7	[66,69)
62.8	61.2	[60,63)
69.2	75.7	[69,72)
62.3	66.4	[60,63)
63.9	63.3	[63,66)
36.6	26.3	[36,39)
48.5	49.7	[48,51)
19.7	26.4	[18,21)
51	42.6	[51,54)
76.6	70.4	[75,78)
44.8	49.7	[42,45)
42.4	45.3	[42,45)
63	64.6	[63,66)
43.7	42.1	[42,45)
71.1	72.7	[69,72)
73.3	69.9	[72,75)
46.8	52.9	[45,48)
62.4	75.7	[60,63)
70.4	71	[69,72)
70.3	68.8	[69,72)
41	48.7	[39,42)
38.9	52.7	[36,39)
69.9	69.6	[69,72)
46.2	49.4	[45,48)
76.8	75.8	[75,78)
63.4	56.6	[63,66)
58.3	56.2	[57,60)
34.6	33.7	[33,36)
62.1	47.4	[60,63)
29.7	26.4	[27,30)
57.7	53.5	[57,60)
59.9	71.7	[57,60)
61.8	67.8	[60,63)
21.5	27	[21,24)
27.4	34	[27,30)
56.2	55	[54,57)
52.6	58.2	[51,54)
41.6	36	[39,42)
43.9	46.8	[42,45)
68.2	66.5	[66,69)
74.1	69.5	[72,75)
41.1	43.4	[39,42)
46.4	38.4	[45,48)
68.1	67.1	[66,69)
46.6	37.8	[45,48)
59.6	59.6	[57,60)
33.8	33	[33,36)
78.6	72.8	[78,81)
37	37.2	[36,39)
46.1	54.5	[45,48)
63.6	64.9	[63,66)
64.8	68.7	[63,66)
48.7	42.3	[48,51)
63.8	73	[63,66)
60.6	65	[60,63)
68.5	63.3	[66,69)
31.7	35.4	[30,33)
54	57.8	[54,57)
38.9	37.9	[36,39)
53.7	50	[51,54)
53.1	45.4	[51,54)
32.5	32.9	[30,33)
49.3	50.3	[48,51)
42.4	41.9	[42,45)
56	64	[54,57)
46.8	43	[45,48)
41.4	52.8	[39,42)
47.2	46.5	[45,48)
70.2	63.1	[69,72)
55.4	55.3	[54,57)
60.7	62.4	[60,63)
38.1	30.5	[36,39)
47.3	42.1	[45,48)
66.5	65.1	[66,69)
47	50	[45,48)
51.2	54.6	[51,54)
64.4	62	[63,66)
71.7	73	[69,72)
50.5	44.2	[48,51)
69.2	66.5	[69,72)
49.2	54.8	[48,51)
69.6	74.7	[69,72)
37.5	32.1	[36,39)
55.8	56.1	[54,57)
45.4	53.4	[45,48)
60	68.4	[60,63)
80.6	71.9	[78,81)
56.7	55.6	[54,57)
22.6	28.6	[21,24)
45.7	52.6	[45,48)
32	32.2	[30,33)
54.1	44.4	[54,57)
61.9	61	[60,63)
66.1	68.7	[66,69)
60.8	63.2	[60,63)
65.6	67.2	[63,66)
32.5	31.7	[30,33)
40.9	30.9	[39,42)
45.7	50.6	[45,48)
47.2	41.8	[45,48)
47.1	53.5	[45,48)
35.3	33.9	[33,36)
61	62	[60,63)
62.7	63.8	[60,63)
76.3	75.6	[75,78)
22	26.2	[21,24)
54.1	57	[54,57)
71.8	65.5	[69,72)
27.2	32.2	[27,30)
57.3	44.4	[57,60)
30.4	28.8	[30,33)
60.3	69	[60,63)
24.8	39.3	[24,27)
28.2	27	[27,30)
71	75.2	[69,72)
42.4	54.1	[42,45)
69.8	78.1	[69,72)
43.7	37.8	[42,45)
68.4	64.1	[66,69)
66.2	65.4	[66,69)
76.4	71.5	[75,78)
61.8	71.1	[60,63)
67.2	59.4	[66,69)
55.9	58.2	[54,57)
66.2	74.8	[66,69)
34.3	35.2	[33,36)
56.4	59.3	[54,57)
68.9	71.6	[66,69)
32.9	32.5	[30,33)
42.1	51.1	[42,45)
58.6	60.8	[57,60)
70	70.6	[69,72)
57.1	59.2	[57,60)
55.5	67.5	[54,57)
40.2	40.3	[39,42)
27.7	29.6	[27,30)
22.4	22	[21,24)
72.3	73.8	[72,75)
59.7	57.6	[57,60)
62.3	63.2	[60,63)
52.8	42.6	[51,54)
64	70.4	[63,66)
31.9	26.6	[30,33)
41.9	43.9	[39,42)
42.6	48	[42,45)
57.3	59.1	[57,60)
58.5	62.1	[57,60)
74.8	72.1	[72,75)
57.9	53.3	[57,60)
62.7	67.6	[60,63)
38.5	30.8	[36,39)
66.3	57.3	[66,69)
45.1	55.9	[45,48)
57.8	51.8	[57,60)
36.5	35.7	[36,39)
56.6	51.2	[54,57)
63.8	63.7	[63,66)
58.3	65.9	[57,60)
57.4	44.6	[57,60)
68.7	66.9	[66,69)
39.5	46.2	[39,42)
48.3	49.1	[48,51)
45.3	51	[45,48)
63.5	64.4	[63,66)
73.7	76	[72,75)
42.7	35	[42,45)
63.3	67.7	[63,66)
33.6	40.9	[33,36)
45.1	42.5	[45,48)
37.3	34.8	[36,39)
43.5	50.4	[42,45)
44.6	41.2	[42,45)
68.1	67.4	[66,69)
45.9	49.6	[45,48)
37.5	35.4	[36,39)
54	55.3	[54,57)
55.5	50.5	[54,57)
78.2	74.9	[78,81)
58.1	51.3	[57,60)
31.8	33.2	[30,33)
67	63.4	[66,69)
67.1	68.8	[66,69)
74.9	72.3	[72,75)
57.1	50.9	[57,60)
68.2	71.3	[66,69)
66.9	60.4	[66,69)
40.6	51	[39,42)
75.9	75.4	[75,78)
52.9	57	[51,54)
66.4	67.9	[66,69)
55.4	53.7	[54,57)
42.7	45.1	[42,45)
52.5	53.5	[51,54)
57.1	52.1	[57,60)
59.9	63.4	[57,60)
40.8	45.1	[39,42)
54.3	47.7	[54,57)
67.3	71	[66,69)
37.3	28.2	[36,39)
29.9	30.1	[27,30)
35	45.1	[33,36)
39.7	52.3	[39,42)
47.1	42.8	[45,48)
64.8	61.9	[63,66)
49.9	55.4	[48,51)
44.5	49.6	[42,45)
51.7	45.3	[51,54)
33	31.2	[33,36)
59.5	68.6	[57,60)
40.8	40.5	[39,42)
48.8	42.6	[48,51)
65.2	71.1	[63,66)
40	53.6	[39,42)
68.2	70.5	[66,69)
66.8	68.8	[66,69)
67.5	68.4	[66,69)
64.4	70.7	[63,66)
60.3	57.8	[60,63)
53.9	56	[51,54)
49.2	47.3	[48,51)
32.4	33.1	[30,33)
55.9	63.2	[54,57)
30.8	30.4	[30,33)
43.6	44.3	[42,45)
44.1	53.3	[42,45)
64.5	70.3	[63,66)
35.3	38.8	[33,36)
51.8	52.1	[51,54)
39.6	38.8	[39,42)
54.4	54.3	[54,57)
49.1	55.9	[48,51)
28.4	27.6	[27,30)
40.5	42.9	[39,42)
35.5	33.3	[33,36)
66	68.7	[66,69)
51.8	48.9	[51,54)
40.8	44.8	[39,42)
53.7	53.7	[51,54)
63.8	63.5	[63,66)
51	58.8	[51,54)
58.2	62.1	[57,60)
49	43	[48,51)
59.6	52.7	[57,60)
59.4	72	[57,60)
22.4	25.8	[21,24)
50.2	46.7	[48,51)
76.1	75.1	[75,78)
70	67.1	[69,72)
66.3	73.2	[66,69)
48.6	39.7	[48,51)
38.2	45.2	[36,39)
59.8	63.3	[57,60)
37.1	39.8	[36,39)
45.5	50.3	[45,48)
77.1	70.8	[75,78)
37.5	32.2	[36,39)
79.9	76.4	[78,81)
28	31.4	[27,30)
49.9	54	[48,51)
66.5	75	[66,69)
37	28.3	[36,39)
59.1	66.8	[57,60)
84.3	72.6	[84,87)
49.5	47.1	[48,51)
70.2	71.1	[69,72)
36	37.3	[36,39)
43.5	56.5	[42,45)
64.6	67.7	[63,66)
27.8	25.3	[27,30)
72.4	74.6	[72,75)
47.5	48.9	[45,48)
36.3	40.1	[36,39)
22.4	21.7	[21,24)
65	64.9	[63,66)
60	61.8	[60,63)
44.2	38.7	[42,45)
64.8	65.1	[63,66)
57	46.9	[57,60)
69.1	71.3	[69,72)
84	72.4	[84,87)
73.3	74.2	[72,75)
24.6	21.5	[24,27)
64	49.7	[63,66)
61.2	54.5	[60,63)
51.4	46.1	[51,54)
46.3	54.1	[45,48)
23.6	21.7	[21,24)
33.1	32	[33,36)
59.1	68.3	[57,60)
37.6	35.3	[36,39)
59.7	49	[57,60)
37.1	31.4	[36,39)
43.6	42.1	[42,45)
58.7	55.1	[57,60)
44.4	49.2	[42,45)
64	58	[63,66)
37.2	35	[36,39)
58.1	54.5	[57,60)
74.6	75.6	[72,75)
69.5	69.7	[69,72)
64.1	66.8	[63,66)
47.2	44.3	[45,48)
57.7	55.6	[57,60)
74.4	75.1	[72,75)
40.1	39.7	[39,42)
33.6	38.2	[33,36)
53.3	53.7	[51,54)
74.4	73	[72,75)
47.7	60.9	[45,48)
23.7	28.1	[21,24)
73.1	73	[72,75)
33.5	34.6	[33,36)
69.6	65.9	[69,72)
62.8	67.4	[60,63)
45.3	37.9	[45,48)
56.9	52.8	[54,57)
39.4	46.5	[39,42)
50.2	49.5	[48,51)
43.3	42.9	[42,45)
43.1	46.1	[42,45)
32.7	33.7	[30,33)
65.5	73.2	[63,66)
58.3	53.9	[57,60)
57.6	57.1	[57,60)
68.7	68.3	[66,69)
48.8	52.6	[48,51)
40.4	42.9	[39,42)
63	53.8	[63,66)
42.9	39	[42,45)
76.3	70.8	[75,78)
55.7	45.4	[54,57)
58.3	44	[57,60)
33.1	36.8	[33,36)
71	70.9	[69,72)
55.3	49.6	[54,57)
19.9	19.2	[18,21)
28.9	30	[27,30)
56.2	61.4	[54,57)
51.1	50.1	[51,54)
69.1	69.9	[69,72)
46.4	52.9	[45,48)
44.2	51.4	[42,45)
54.8	60.6	[54,57)
35.9	40.6	[33,36)
44.8	36.7	[42,45)
44.7	57.3	[42,45)
32.1	28.3	[30,33)
35.5	31.9	[33,36)
65.8	68.7	[63,66)
38.2	67.8	[36,39)
53.6	64.2	[51,54)
54.5	55.2	[54,57)
64	66.5	[63,66)
33.9	27.3	[33,36)
64.8	76.3	[63,66)
45.6	46.4	[45,48)
56.2	48.2	[54,57)
72.6	70.9	[72,75)
44	44.2	[42,45)
42.6	49	[42,45)
39.8	42.9	[39,42)
80.8	78.3	[78,81)
54.9	48.6	[54,57)
72.1	69.1	[72,75)
37.7	38.4	[36,39)
53.6	54.8	[51,54)
61.9	65.2	[60,63)
43.6	48.7	[42,45)
60.2	55.8	[60,63)
50.1	56.7	[48,51)
52.4	54.7	[51,54)
53.8	63.5	[51,54)
50.7	49.4	[48,51)
32.1	31	[30,33)
48.5	37.9	[48,51)
33.6	33.8	[33,36)
48.5	50.3	[48,51)
50.4	48	[48,51)
56.7	56.8	[54,57)
29.4	31.8	[27,30)
37.3	42.9	[36,39)
41.7	30.8	[39,42)
61.3	56.7	[60,63)
79.7	78.5	[78,81)
67	65.2	[66,69)
64.3	65.6	[63,66)
22	26.4	[21,24)
69.5	69.9	[69,72)
64.3	75.3	[63,66)
70.2	70.4	[69,72)
48.2	50.9	[48,51)
28.3	35.2	[27,30)
75.3	71.3	[75,78)
43.5	53	[42,45)
61.4	72	[60,63)
31.8	35.6	[30,33)
55.4	51.9	[54,57)
55.2	60.9	[54,57)
66.3	69.5	[66,69)
70.2	74.1	[69,72)
18.2	25.1	[18,21)
69.1	70.4	[69,72)
52.4	59.8	[51,54)
60	69.7	[60,63)
45.3	42.6	[45,48)
62.9	60.4	[60,63)
69.9	71	[69,72)
44.8	45.3	[42,45)
22.1	30.2	[21,24)
41.7	39.2	[39,42)
40.7	31.2	[39,42)
52.7	53.4	[51,54)
62.7	67.2	[60,63)
54.4	49.5	[54,57)
51.7	50.3	[51,54)
43.4	46.2	[42,45)
60.2	53.1	[60,63)
46.7	39.9	[45,48)
68.2	74.6	[66,69)
36.8	34.3	[36,39)
47.2	51	[45,48)
67.6	65.6	[66,69)
74.1	65.3	[72,75)
35.1	35.1	[33,36)
50.6	53.4	[48,51)
42.8	41.9	[42,45)
62.4	58.4	[60,63)
47.8	52.5	[45,48)
46.2	49.4	[45,48)
38	34.1	[36,39)
64.7	66.4	[63,66)
73.8	61.6	[72,75)
59.6	51.8	[57,60)
34	37.4	[33,36)
40.1	36.8	[39,42)
40.6	41.7	[39,42)
38	36.1	[36,39)
41.8	37.5	[39,42)
55.8	50.3	[54,57)
43.9	52.2	[42,45)
39.4	35	[39,42)
40	39.4	[39,42)
73	73.9	[72,75)
59.3	63.8	[57,60)
53.5	55.7	[51,54)
46.3	42.9	[45,48)
46.9	48.4	[45,48)
50.2	56.5	[48,51)
71.8	72.4	[69,72)
60.9	57.7	[60,63)
72.7	66.8	[72,75)
65.6	67	[63,66)
37	36.1	[36,39)
74.2	72.1	[72,75)
61.4	60.8	[60,63)
67.4	73.8	[66,69)
53.9	49.3	[51,54)
52.1	48.9	[51,54)
30	30.7	[30,33)
56	54	[54,57)
35.8	35.1	[33,36)
45	50.1	[45,48)
39.4	35.6	[39,42)
65.8	65.5	[63,66)
37.9	32.3	[36,39)
32.4	32.6	[30,33)
62.6	60.4	[60,63)
54.6	62.4	[54,57)
29	34	[27,30)
36.2	31.8	[36,39)
55	40.4	[54,57)
66.8	66.2	[66,69)
76.5	72.9	[75,78)
27.8	34.4	[27,30)
34.2	34.7	[33,36)
74	74.6	[72,75)
71.1	70.2	[69,72)
50.5	40.7	[48,51)
29	33.5	[27,30)
69.1	68.5	[69,72)
55	51.5	[54,57)
46.2	39.9	[45,48)
70.4	71.4	[69,72)
67	79	[66,69)
42.6	45.7	[42,45)
59.8	49.2	[57,60)
68.2	67.3	[66,69)
63.8	72.8	[63,66)
79.1	73.9	[78,81)
60.2	62.9	[60,63)
34.9	32.3	[33,36)
67.1	70.9	[66,69)
51.1	44.9	[51,54)
66.7	68.4	[66,69)
68.9	70.9	[66,69)
71.8	73.4	[69,72)
60.7	73.1	[60,63)
51.1	55	[51,54)
51.5	51.5	[51,54)
45.4	41.8	[45,48)
52.2	49.4	[51,54)
61.2	68.3	[60,63)
63.6	61	[63,66)
50.2	51.5	[48,51)
64.9	64.4	[63,66)
54.1	45.7	[54,57)
65.1	71.3	[63,66)
59.2	67	[57,60)
75.7	73	[75,78)
55.4	55.2	[54,57)
41.7	52	[39,42)
65.7	69.3	[63,66)
78.4	72.7	[78,81)
29.6	36.1	[27,30)
50.8	55.5	[48,51)
37.9	40.3	[36,39)
65.7	72.4	[63,66)
46.9	43.8	[45,48)
53.6	37.2	[51,54)
43.8	39.1	[42,45)
68.8	67.5	[66,69)
50.1	51.8	[48,51)
30.5	26.2	[30,33)
74.3	70.1	[72,75)
73.7	73.2	[72,75)
46.4	49.3	[45,48)
23.1	23.8	[21,24)
62.1	66.4	[60,63)
46.3	43.7	[45,48)
73	66.7	[72,75)
63.6	63.8	[63,66)
77.9	76	[75,78)
55	53.6	[54,57)
36.6	35.1	[36,39)
49.7	48.7	[48,51)
42.3	45.4	[42,45)
68.8	78.7	[66,69)
68.5	70.4	[66,69)
72.1	74.5	[72,75)
26.7	31.8	[24,27)
45.8	47.3	[45,48)
33.2	34	[33,36)
35.8	36	[33,36)
58.7	69	[57,60)
38.2	43.1	[36,39)
37.4	31.7	[36,39)
72.6	69.8	[72,75)
54.7	53.1	[54,57)
50.8	51.1	[48,51)
72.2	68.7	[72,75)
59.8	67.3	[57,60)
72.3	71.6	[72,75)
66.3	72.5	[66,69)
41.6	44.3	[39,42)
57.2	49	[57,60)
72.3	72.4	[72,75)
34.5	35.9	[33,36)
69.1	72.1	[69,72)
54.4	59.7	[54,57)
75.7	68.6	[75,78)
54.2	54	[54,57)
54.4	48.9	[54,57)
31.8	35.8	[30,33)
72.7	70.1	[72,75)
48.6	54.8	[48,51)
71.7	65.9	[69,72)
58.3	62.3	[57,60)
66.6	70.1	[66,69)
54.7	50	[54,57)
45.6	57.1	[45,48)
71.3	71.7	[69,72)
71.6	64	[69,72)
35.8	36.8	[33,36)
65.7	64.3	[63,66)
74	68.3	[72,75)
59.3	58	[57,60)
45.1	50.9	[45,48)
40.3	46.3	[39,42)
21.9	21.7	[21,24)
37	39.5	[36,39)
38.7	34.9	[36,39)
51.8	69.5	[51,54)
75.9	73.5	[75,78)
49.8	48.2	[48,51)
52.1	57.7	[51,54)
27.6	34.6	[27,30)
40.8	36.9	[39,42)
75.7	77.1	[75,78)
37.6	33.4	[36,39)
32.8	29.5	[30,33)
56.3	57.8	[54,57)
54.4	37.2	[54,57)
38.1	47	[36,39)
31.5	30.4	[30,33)
28.1	34.6	[27,30)
46	43	[45,48)
62.8	68.2	[60,63)
59.8	68.6	[57,60)
52.7	54.7	[51,54)
53.5	47.5	[51,54)
78.1	75.5	[78,81)
35.9	32.9	[33,36)
50.1	49.1	[48,51)
37	38.7	[36,39)
68.4	65	[66,69)
37.7	34.5	[36,39)
56.2	50.4	[54,57)
43.6	39.3	[42,45)
48.9	55.5	[48,51)
57.3	45.9	[57,60)
72.4	72.5	[72,75)
18.2	24.2	[18,21)
36.6	33.8	[36,39)
33.7	30.7	[33,36)
58.1	56.4	[57,60)
68.4	61.8	[66,69)
34.8	32.4	[33,36)
38.2	28.2	[36,39)
72	66.1	[72,75)
48.3	56.4	[48,51)
39.5	47.6	[39,42)
62.5	67.2	[60,63)
65.5	71.6	[63,66)
72	66.9	[72,75)
38.5	33.5	[36,39)
33.4	47.4	[33,36)
51	54	[51,54)
65.7	59.7	[63,66)
72.3	75.2	[72,75)
57.2	57.2	[57,60)
51.8	56.1	[51,54)
36	33.7	[36,39)
21.5	33	[21,24)
53.7	54.7	[51,54)
48.5	52.4	[48,51)
59.7	50.9	[57,60)
65	60.3	[63,66)
53.4	54.2	[51,54)
62.4	61.4	[60,63)
61.4	62.2	[60,63)
41.5	33.2	[39,42)
68.8	73.6	[66,69)
28.7	34.7	[27,30)
66	63.9	[66,69)
36.4	41.4	[36,39)
55.5	58.2	[54,57)
57	52.5	[57,60)
37.5	33.2	[36,39)
65.3	64.6	[63,66)
41.7	37.9	[39,42)
60.7	65.6	[60,63)
49.8	54.2	[48,51)
67.8	62.5	[66,69)
59.7	68.3	[57,60)
50	61.5	[48,51)
46	43.6	[45,48)
73.9	64.1	[72,75)
69.5	72.5	[69,72)
52.5	47.4	[51,54)
44.6	28.9	[42,45)
64.5	70.9	[63,66)
46	57.2	[45,48)
66.8	74.2	[66,69)
33	31.3	[33,36)
55.3	49.8	[54,57)
39.5	45.5	[39,42)
48.6	52.8	[48,51)
22	29.6	[21,24)
76	70.7	[75,78)
51	55.1	[51,54)
31.6	36.5	[30,33)
52.2	62	[51,54)
71.2	72.3	[69,72)
53.8	50.7	[51,54)
23.7	26.5	[21,24)
36.3	28.9	[36,39)
47.7	47.2	[45,48)
44.6	48	[42,45)
72.3	66.8	[72,75)
48	51.6	[48,51)
71.8	72.1	[69,72)
30.5	26.8	[30,33)
43.8	41.7	[42,45)
61.6	60.9	[60,63)
74.4	68.8	[72,75)
49.6	36.2	[48,51)
58.9	63.8	[57,60)
27.4	25.6	[27,30)
50.2	45.7	[48,51)
46	46.3	[45,48)
43.5	52.2	[42,45)
30.8	36.2	[30,33)
63.3	66	[63,66)
30.9	32.4	[30,33)
71.1	69.9	[69,72)
64.5	71.5	[63,66)
33.3	35.7	[33,36)
64.9	52	[63,66)
68.1	67.4	[66,69)
49.7	52	[48,51)
64.3	67.9	[63,66)
32.8	34.1	[30,33)
31.6	33	[30,33)
29.3	30.2	[27,30)
30.7	34.1	[30,33)
60.6	61.2	[60,63)
18.2	29	[18,21)
79.6	72.8	[78,81)
47.1	48.6	[45,48)
42.1	39.5	[42,45)
63.1	62.3	[63,66)
49.3	48	[48,51)
69.8	71.2	[69,72)
59.5	63.5	[57,60)
45.9	37.6	[45,48)
48.1	49.9	[48,51)
63.9	65.2	[63,66)
47	47	[45,48)
50.4	56.9	[48,51)
48.6	50.3	[48,51)
36.4	38.8	[36,39)
78.9	75	[78,81)
54.1	55.8	[54,57)
25	29.3	[24,27)
52	55.7	[51,54)
73.2	71	[72,75)
49.7	52.2	[48,51)
43.1	39.6	[42,45)
30.2	26	[30,33)
45.2	47	[45,48)
36.7	44	[36,39)
75.5	67.7	[75,78)
50.2	52.8	[48,51)
38	32.5	[36,39)
56.1	60.8	[54,57)
32.4	24	[30,33)
40.3	34.9	[39,42)
36.4	40	[36,39)
50.9	50.6	[48,51)
43.6	38.6	[42,45)
63.1	61.5	[63,66)
67.1	59.5	[66,69)
54.1	49.8	[54,57)
68.5	64.4	[66,69)
61.8	70.7	[60,63)
44.4	37.5	[42,45)
64.9	73.1	[63,66)
71.6	75.7	[69,72)
77.7	68.6	[75,78)
23.9	24.1	[21,24)
56.9	60.3	[54,57)
36.3	36.8	[36,39)
41.2	46.1	[39,42)
29	31.9	[27,30)
42.7	44.7	[42,45)
52.9	49.9	[51,54)
64.1	63.1	[63,66)
23.5	28.5	[21,24)
41.8	45.7	[39,42)
34.8	39.2	[33,36)
80.1	73.3	[78,81)
53	48.9	[51,54)
71.3	63.8	[69,72)
43.8	43.6	[42,45)
60.7	64.8	[60,63)
47.3	43.6	[45,48)
29.5	23.7	[27,30)
58.8	59.5	[57,60)
70.7	70.6	[69,72)
57.2	62.7	[57,60)
41.9	33.3	[39,42)
39.3	33.9	[39,42)
47.7	53.8	[45,48)
38.7	34	[36,39)
33	32.8	[33,36)
29.2	36.8	[27,30)
44.9	46.8	[42,45)
48.5	49.7	[48,51)
64.5	74.2	[63,66)
64	69.4	[63,66)
62.5	64.3	[60,63)
46.5	43.5	[45,48)
62.1	50.9	[60,63)
73.4	70.8	[72,75)
72.4	67.9	[72,75)
45.3	43.2	[45,48)
69.3	66.1	[69,72)
40.9	39.6	[39,42)
65.6	69.8	[63,66)
34	36	[33,36)
55	54.1	[54,57)
20.2	22.8	[18,21)
31.4	42.5	[30,33)
42.1	46.9	[42,45)
57.4	56.5	[57,60)
69.9	71.5	[69,72)
48.3	53.7	[48,51)
65.5	62.5	[63,66)
68.3	70.6	[66,69)
68.8	72.1	[66,69)
51.8	55.8	[51,54)
38.4	41.6	[36,39)
53.8	50.7	[51,54)
71.3	73.9	[69,72)
72.3	71.9	[72,75)
76.9	72	[75,78)
26	26	[24,27)
72.3	74.2	[72,75)
52.4	61.8	[51,54)
33.4	36.4	[33,36)
57.4	56	[57,60)
44.5	49.6	[42,45)
44.7	44.6	[42,45)
32.8	34.6	[30,33)
62.4	69.8	[60,63)
52.3	66.6	[51,54)
44.7	43.4	[42,45)
59.9	53.6	[57,60)
65.1	66.1	[63,66)
52	44.7	[51,54)
46.5	42.1	[45,48)
33.7	37.5	[33,36)
49.9	45.1	[48,51)
62	54.2	[60,63)
56.9	52.4	[54,57)
49.5	53.7	[48,51)
44.8	47.7	[42,45)
47.7	51.8	[45,48)
51.9	54.6	[51,54)
70.7	74.9	[69,72)
51	45.4	[51,54)
60.9	67.5	[60,63)
29.2	27.5	[27,30)
67.6	69	[66,69)
39.9	35.4	[39,42)
64.7	70.6	[63,66)
82.1	79.5	[81,84)
22	38.5	[21,24)
37.1	33.9	[36,39)
55.2	55.3	[54,57)
52.4	47.8	[51,54)
32	25.3	[30,33)
78.4	72.3	[78,81)
67.5	73.5	[66,69)
59.3	61.6	[57,60)
47.3	45.9	[45,48)
74	74.3	[72,75)
65.6	70.7	[63,66)
52.8	48.4	[51,54)
53.2	49.1	[51,54)
36.4	29.6	[36,39)
65	62.3	[63,66)
56.3	66.1	[54,57)
61.6	58.8	[60,63)
32	30.1	[30,33)
50.7	48.9	[48,51)
45.1	47.7	[45,48)
59.8	61.9	[57,60)
39.8	41	[39,42)
32.4	44.9	[30,33)
59.7	55.3	[57,60)
42.3	43.4	[42,45)
70.6	69	[69,72)
35.7	35.9	[33,36)
61	75	[60,63)
57.3	53.5	[57,60)
47.4	49.1	[45,48)
72.6	74.3	[72,75)
63	62.9	[63,66)
56.4	59.2	[54,57)
37.4	31.3	[36,39)
76.6	72.3	[75,78)
55.9	56.2	[54,57)
62.4	61.8	[60,63)
61.1	58.3	[60,63)
69.5	76.4	[69,72)
55.1	45.3	[54,57)
78.5	73	[78,81)
42	33.5	[42,45)
47.4	50.4	[45,48)
58.8	51.6	[57,60)
34.1	37.8	[33,36)
73.3	72.8	[72,75)
45.1	50.3	[45,48)
50.1	50.1	[48,51)
31.8	35.2	[30,33)
48.5	47.4	[48,51)
57.5	49.8	[57,60)
61.5	58	[60,63)
51.4	55.1	[51,54)
46.6	52.6	[45,48)
46.1	49.9	[45,48)
27.3	38.4	[27,30)
45.3	48.5	[45,48)
30.4	33.6	[30,33)
54.3	61.2	[54,57)
43.6	48.5	[42,45)
43.7	44.3	[42,45)
65.5	65	[63,66)
60.8	62.4	[60,63)
53.2	52	[51,54)
70.6	78.6	[69,72)
65.4	72	[63,66)
42.9	52.8	[42,45)
77.7	72.4	[75,78)
70.7	71.5	[69,72)
40.2	36.7	[39,42)
34.2	30.2	[33,36)
57.1	55.8	[57,60)
67	66.5	[66,69)
71.8	71.2	[69,72)
47.5	42.4	[45,48)
56.6	50.2	[54,57)
48.8	48.1	[48,51)
70.4	66.3	[69,72)
55.9	62	[54,57)
32.7	30.2	[30,33)
68	74.5	[66,69)
52.4	61.5	[51,54)
65.9	72.1	[63,66)
33.8	29.7	[33,36)
59.5	61.9	[57,60)
64.2	58.3	[63,66)
55.1	54.3	[54,57)
46.1	50.4	[45,48)
40.9	37.2	[39,42)
63.7	64.6	[63,66)
50	56.1	[48,51)
59.6	57.2	[57,60)
27.5	30.1	[27,30)
38.3	47.5	[36,39)
54	57	[54,57)
41.5	32.1	[39,42)
44.5	44.4	[42,45)
61.8	62.3	[60,63)
58.7	51.5	[57,60)
41.2	40.2	[39,42)
39.6	32.3	[39,42)
42.2	32.3	[42,45)
54.5	55.9	[54,57)
61.5	67.7	[60,63)
62.7	64.5	[60,63)
58.8	64.4	[57,60)
66.7	71.1	[66,69)
41	38.6	[39,42)
55.9	49.4	[54,57)
56.1	65.5	[54,57)
49.3	48.2	[48,51)
48.2	40.4	[48,51)
51.5	47.3	[51,54)
53.2	52.7	[51,54)
66.2	63.6	[66,69)
55.6	48.5	[54,57)
74.7	71.7	[72,75)
33.6	39.6	[33,36)
66	72.4	[66,69)
45.5	53.7	[45,48)
52.8	55.9	[51,54)
49.3	44.3	[48,51)
49.8	48.9	[48,51)
32.4	34.5	[30,33)
39.5	34.2	[39,42)
42.7	43.4	[42,45)
54.5	51.5	[54,57)
50.2	50	[48,51)
69.8	71.8	[69,72)
75.9	72.7	[75,78)
49.8	50.3	[48,51)
69.6	65.9	[69,72)
66.1	66.7	[66,69)
49.2	55	[48,51)
43.9	50.3	[42,45)
56.9	52.6	[54,57)
31.1	29.5	[30,33)
77.4	71.3	[75,78)
36.2	34.3	[36,39)
40.7	33.9	[39,42)
23	33.3	[21,24)
53.9	55.2	[51,54)
38.6	26.8	[36,39)
52.9	50.3	[51,54)
57.6	48	[57,60)
36.6	33.2	[36,39)
35.7	35.2	[33,36)
31.1	31	[30,33)
70.1	76.7	[69,72)
46.4	47.7	[45,48)
58.2	69	[57,60)
41.1	42	[39,42)
50.2	61.6	[48,51)
58.1	62.3	[57,60)
61	60.6	[60,63)
75.5	73.6	[75,78)
39.3	45.5	[39,42)
47.3	43.6	[45,48)
39	32.5	[39,42)
53.5	41.5	[51,54)
50.9	48.8	[48,51)
67.5	72.5	[66,69)
64.9	58.5	[63,66)
31.6	34.9	[30,33)
49.3	43.9	[48,51)
40.6	51.9	[39,42)
65.3	74	[63,66)
47.5	55	[45,48)
27.1	26.3	[27,30)
20.9	20.8	[18,21)
39.2	39.6	[39,42)
50.5	54	[48,51)
68.2	63.3	[66,69)
70.1	68.9	[69,72)
54.6	52.6	[54,57)
45.3	43.4	[45,48)
70	68.4	[69,72)
71.6	67.7	[69,72)
21.2	27.1	[21,24)
56.5	52.8	[54,57)
59.8	65.7	[57,60)
59	50.5	[57,60)
59.3	54.1	[57,60)
44	37.2	[42,45)
64.6	65.8	[63,66)
76.2	68.9	[75,78)
67.7	68.4	[66,69)
40.1	36.3	[39,42)
27	32.6	[27,30)
32	31.9	[30,33)
34.1	36.6	[33,36)
46.1	48.4	[45,48)
77.2	74.4	[75,78)
52	48.1	[51,54)
46.7	49.3	[45,48)
30.1	43.2	[30,33)
48.4	51.8	[48,51)
39.1	35.6	[39,42)
28.3	32.6	[27,30)
46.5	44.4	[45,48)
79.4	75.8	[78,81)
33.1	31.8	[33,36)
69.2	69.3	[69,72)
48.6	50.9	[48,51)
48.7	54.5	[48,51)
38.5	41.8	[36,39)
31.6	28.1	[30,33)
41.5	43	[39,42)
47.1	51.3	[45,48)
71.2	75.2	[69,72)
54	52.6	[54,57)
54	56	[54,57)
36.6	41.6	[36,39)
63.1	62.6	[63,66)
46.3	53.4	[45,48)
46.6	49.5	[45,48)
58.4	66.6	[57,60)
61.1	70.4	[60,63)
71.9	67.3	[69,72)
23.7	30.9	[21,24)
44.4	46.1	[42,45)
62.2	57.3	[60,63)
48.3	50.2	[48,51)
31.3	31.7	[30,33)
27.1	29.4	[27,30)
53.6	59.1	[51,54)
67.9	71.3	[66,69)
32	31.6	[30,33)
81.6	71.9	[81,84)
49.2	49.6	[48,51)
45	42.4	[45,48)
63.9	67	[63,66)
70.2	69.4	[69,72)
64.5	70.8	[63,66)
66.9	72.1	[66,69)
39.1	45	[39,42)
68.7	71.7	[66,69)
61.5	65.6	[60,63)
50.7	52.2	[48,51)
37.1	28	[36,39)
46.5	41.4	[45,48)
27.3	23	[27,30)
36.2	34.7	[36,39)
60.8	64.2	[60,63)
79.2	73.3	[78,81)
61	45.7	[60,63)
71.1	72.3	[69,72)
82.1	77.9	[81,84)
55.6	51.3	[54,57)
53	40	[51,54)
43.3	42.4	[42,45)
33.2	40.1	[33,36)
50	48.7	[48,51)
72.2	73.6	[72,75)
41.3	40.4	[39,42)
80.9	75.9	[78,81)
47.1	54.2	[45,48)
65.1	63.7	[63,66)
53.9	54.6	[51,54)
48	51.7	[48,51)
66.8	68.5	[66,69)
59.4	55.8	[57,60)
71.1	73.3	[69,72)
71.6	67.4	[69,72)
47.3	44.5	[45,48)
69.2	75.5	[69,72)
48.3	47.7	[48,51)
28.5	23.2	[27,30)
41.3	39	[39,42)
66.6	75.4	[66,69)
39	32.3	[39,42)
48.2	47.9	[48,51)
50.5	42.8	[48,51)
36.2	30.4	[36,39)
65.2	67.9	[63,66)
45.9	35.7	[45,48)
41.4	47.4	[39,42)
55.1	58.2	[54,57)
51	49.5	[51,54)
61.9	62.5	[60,63)
58.7	60.9	[57,60)
38	31.4	[36,39)
40	34.7	[39,42)
31.9	45.8	[30,33)
55.2	53.8	[54,57)
60.7	60.3	[60,63)
69.1	70.6	[69,72)
65.4	70.8	[63,66)
60.6	63.7	[60,63)
77.6	68.1	[75,78)
41.6	47.1	[39,42)
24.2	30.2	[24,27)
31.8	37.2	[30,33)
48	54.3	[48,51)
45.4	42	[45,48)
60.8	68.2	[60,63)
59.7	53.8	[57,60)
29.3	30.4	[27,30)
67.6	63.8	[66,69)
73.4	69.9	[72,75)
55.6	59.7	[54,57)
47.4	51.4	[45,48)
50.1	48.4	[48,51)
31.2	37.6	[30,33)
36.4	38.4	[36,39)
44.9	43.7	[42,45)
44.2	41.1	[42,45)
62.4	60.7	[60,63)
40.9	38.9	[39,42)
49.7	69.2	[48,51)
65.8	69.5	[63,66)
37.6	33	[36,39)
64.9	74.3	[63,66)
49.6	49.2	[48,51)
73.8	73.9	[72,75)
39.3	40.7	[39,42)
46	40.1	[45,48)
55	58.9	[54,57)
60.6	55.1	[60,63)
36.6	44.5	[36,39)
35.6	40.2	[33,36)
63.8	71.1	[63,66)
67.6	65.9	[66,69)
40.7	41.2	[39,42)
30.7	29.2	[30,33)
40.4	29	[39,42)
18.2	19.2	[18,21)
54	58.3	[54,57)
44.9	46.3	[42,45)
69.2	64.1	[69,72)
70.7	68.8	[69,72)
77.5	74.1	[75,78)
72.6	66.6	[72,75)
60.1	57.5	[60,63)
61.6	53	[60,63)
49.9	59.6	[48,51)
67.5	73.2	[66,69)
60.1	63.9	[60,63)
36	39.6	[36,39)
71.5	71.8	[69,72)
46.3	37.1	[45,48)
31.4	28.8	[30,33)
28.7	32.3	[27,30)
30.1	40.6	[30,33)
47.5	47.9	[45,48)
19.3	28.2	[18,21)
31.6	28.6	[30,33)
61	51.6	[60,63)
61.7	61.1	[60,63)
28.8	28.3	[27,30)
61.8	74.2	[60,63)
54.8	61.3	[54,57)
31.7	32.1	[30,33)
34.9	37.9	[33,36)
50.3	54.7	[48,51)
30.6	34.4	[30,33)
43.7	37.9	[42,45)
54.2	47.8	[54,57)
39.1	43.3	[39,42)
47.2	43.9	[45,48)
61.7	58	[60,63)
75.4	68.4	[75,78)
43.8	49.1	[42,45)
51.9	49.2	[51,54)
44.3	44.3	[42,45)
72	72.9	[72,75)
60.5	68.7	[60,63)
68.5	72.5	[66,69)
66	62.6	[66,69)
59.9	60.6	[57,60)
58.8	62.1	[57,60)
77.4	71.3	[75,78)
54.2	53.8	[54,57)
48.1	43.6	[48,51)
55.9	54.8	[54,57)
42.2	38.1	[42,45)
79.1	71.7	[78,81)
23.8	26.5	[21,24)
43.6	46.8	[42,45)
72.1	69.1	[72,75)
50.5	55.1	[48,51)
39.8	45.9	[39,42)
64	67.5	[63,66)
34	34	[33,36)
59.7	60.4	[57,60)
54.7	52.8	[54,57)
34.5	30.3	[33,36)
70.6	61.5	[69,72)
65.2	59.4	[63,66)
52.9	53.2	[51,54)
48.1	41.5	[48,51)
26.6	37.8	[24,27)
66.2	75.1	[66,69)
71	74.8	[69,72)
79.4	73.7	[78,81)
68.4	70.2	[66,69)
53.5	55.3	[51,54)
43.9	35.1	[42,45)
48.3	51	[48,51)
77.9	71.1	[75,78)
61.9	65.2	[60,63)
45.6	47.6	[45,48)
71.3	68.6	[69,72)
80.7	71.3	[78,81)
41.6	44.4	[39,42)
60.1	57.8	[60,63)
34.3	42.7	[33,36)
67	67.3	[66,69)
57.3	45.7	[57,60)
70.5	76.7	[69,72)
67.4	72.9	[66,69)
46.4	36.2	[45,48)
