CA	organ_age	Age_group
38	42.1	[36,39)
66	65	[66,69)
60	65.4	[60,63)
48.5	49	[48,51)
35.9	40.7	[33,36)
34.1	38.8	[33,36)
44.3	48	[42,45)
48.8	53.7	[48,51)
49.9	56.4	[48,51)
58.6	51.3	[57,60)
53.7	57.6	[51,54)
32.9	26.6	[30,33)
37.3	37.5	[36,39)
52.2	55.4	[51,54)
34	32.8	[33,36)
57.1	55.1	[57,60)
49.9	54.1	[48,51)
50.6	46.1	[48,51)
61.9	65.5	[60,63)
50.6	44.3	[48,51)
65.9	72.2	[63,66)
49.4	44.5	[48,51)
59.8	59.4	[57,60)
53	47.5	[51,54)
60.5	56.4	[60,63)
54.9	50.9	[54,57)
41.7	42.8	[39,42)
70.9	72.7	[69,72)
33.3	36.9	[33,36)
50	51.2	[48,51)
38.6	34	[36,39)
54.7	51.8	[54,57)
68.8	75.2	[66,69)
49.5	53.1	[48,51)
67.1	70.1	[66,69)
61.1	69.7	[60,63)
65.2	72.1	[63,66)
32.8	28.7	[30,33)
78.3	69.7	[78,81)
80.1	74.4	[78,81)
54	56.5	[54,57)
64.7	61.7	[63,66)
26.3	36.5	[24,27)
41.1	48.3	[39,42)
56.2	48.1	[54,57)
42.7	32.8	[42,45)
31.9	39	[30,33)
73.7	72.1	[72,75)
58	62.1	[57,60)
74.5	74.3	[72,75)
52.8	55.4	[51,54)
67.1	59	[66,69)
49.6	53.1	[48,51)
62.3	69.5	[60,63)
43.4	36.4	[42,45)
26.2	31.9	[24,27)
73.4	72.4	[72,75)
72.3	67.2	[72,75)
46.5	47.7	[45,48)
53.9	47.9	[51,54)
63	62.7	[63,66)
62.6	72	[60,63)
43.2	42.2	[42,45)
42.6	34.9	[42,45)
41.4	30.7	[39,42)
28.6	26	[27,30)
46.8	55.8	[45,48)
55.5	56.5	[54,57)
39.9	48.7	[39,42)
69	70.9	[69,72)
68.2	70.4	[66,69)
67.3	67.1	[66,69)
38.6	41.4	[36,39)
48.5	50.8	[48,51)
32.2	35.5	[30,33)
72.5	71.9	[72,75)
44.5	48.6	[42,45)
37.3	42.4	[36,39)
70	75.2	[69,72)
49.7	49	[48,51)
72.3	68.9	[72,75)
73	72.9	[72,75)
69.6	67.1	[69,72)
69.9	65.4	[69,72)
47.3	47.2	[45,48)
55.4	50.4	[54,57)
72.5	70.1	[72,75)
36.4	32.7	[36,39)
46.5	49.9	[45,48)
33.8	31	[33,36)
50.8	48.1	[48,51)
52.1	53.4	[51,54)
61.9	58.4	[60,63)
57.6	56.3	[57,60)
68.7	75.2	[66,69)
71.1	74.6	[69,72)
36	28.9	[36,39)
42	46.5	[42,45)
26.6	29.1	[24,27)
37.2	38.7	[36,39)
43.1	42.4	[42,45)
74.8	77.8	[72,75)
69.1	60.5	[69,72)
65.3	71.3	[63,66)
64.1	64.7	[63,66)
28.9	25.7	[27,30)
75.4	69.9	[75,78)
43.6	47	[42,45)
47.9	50.5	[45,48)
51.5	45.7	[51,54)
73.3	72.2	[72,75)
44.2	45.5	[42,45)
63.4	59.4	[63,66)
55.7	54.7	[54,57)
75.5	74.2	[75,78)
46.4	51	[45,48)
34.8	39.5	[33,36)
50.8	54.2	[48,51)
48.1	54.2	[48,51)
56	63.5	[54,57)
24.4	33.8	[24,27)
38.6	43.1	[36,39)
50.8	55.3	[48,51)
34.4	42.7	[33,36)
61.6	56.6	[60,63)
35.5	40.3	[33,36)
63.6	59.3	[63,66)
41.4	38.9	[39,42)
23.5	23.1	[21,24)
55.9	61.5	[54,57)
40.6	37.1	[39,42)
54.1	70.1	[54,57)
50.8	53.8	[48,51)
20.8	23.8	[18,21)
34.2	35.4	[33,36)
23	22.3	[21,24)
49.7	48.5	[48,51)
36.1	31.2	[36,39)
36.9	38.2	[36,39)
52.6	50.9	[51,54)
47.8	58.2	[45,48)
51	41.2	[51,54)
47.9	47	[45,48)
39.6	53.2	[39,42)
41.3	36.6	[39,42)
74	65	[72,75)
28.3	34.2	[27,30)
59.6	57.4	[57,60)
51.3	51.3	[51,54)
57.2	55.7	[57,60)
47.6	39.4	[45,48)
56.4	55.2	[54,57)
64.6	69.8	[63,66)
69.8	70.2	[69,72)
49.1	55.8	[48,51)
55.5	61.5	[54,57)
76	76.9	[75,78)
65.9	62.8	[63,66)
44.8	46.3	[42,45)
66.5	71.7	[66,69)
63.5	66.4	[63,66)
37.4	36.7	[36,39)
61.8	71.8	[60,63)
53.1	53.7	[51,54)
41.1	50.5	[39,42)
39.7	36.7	[39,42)
65	70.3	[63,66)
59	58.2	[57,60)
52.6	67.4	[51,54)
57.1	47.6	[57,60)
52.6	64.8	[51,54)
36	33.7	[36,39)
70.4	69.5	[69,72)
63.9	64.4	[63,66)
57.7	62.5	[57,60)
50.8	47.8	[48,51)
46.8	47.5	[45,48)
78	69	[78,81)
43.9	51.7	[42,45)
65.6	74.4	[63,66)
72.4	68.2	[72,75)
64.3	69.5	[63,66)
57.5	51.2	[57,60)
39.1	53.6	[39,42)
48	44.7	[48,51)
44.8	49.8	[42,45)
79.6	73	[78,81)
67	70.4	[66,69)
26.1	29.6	[24,27)
66.6	73.6	[66,69)
35.6	37.5	[33,36)
24.7	30.7	[24,27)
63.1	61.4	[63,66)
69.6	69.2	[69,72)
35.4	34.4	[33,36)
38.1	38.1	[36,39)
63.6	58.4	[63,66)
26.9	28.8	[24,27)
53.9	53.3	[51,54)
35.8	43.3	[33,36)
59.5	52.7	[57,60)
38.8	44.1	[36,39)
50.7	48.6	[48,51)
30.3	34.3	[30,33)
44.1	50.9	[42,45)
25.6	28.4	[24,27)
49.9	50.2	[48,51)
57.7	61.9	[57,60)
37.1	36.1	[36,39)
51.7	55.5	[51,54)
42.2	46.1	[42,45)
51.2	52.6	[51,54)
35.1	32.3	[33,36)
29.9	26.9	[27,30)
37.7	42.6	[36,39)
31.4	35.5	[30,33)
69.7	62.9	[69,72)
59.1	68.4	[57,60)
39	33.2	[39,42)
37	37.6	[36,39)
53.1	56.7	[51,54)
36.8	30.2	[36,39)
58.2	54.6	[57,60)
46	49.6	[45,48)
67.1	66.5	[66,69)
38.9	35	[36,39)
46.8	45.2	[45,48)
65.7	72.5	[63,66)
82.1	75.4	[81,84)
63.9	58.3	[63,66)
27.6	28.8	[27,30)
23.5	19.2	[21,24)
48.2	40	[48,51)
36.6	36.7	[36,39)
58.7	55.4	[57,60)
54.5	43.4	[54,57)
43.5	44.8	[42,45)
55.7	48.7	[54,57)
29.3	34.2	[27,30)
35.4	35.5	[33,36)
67.2	67.9	[66,69)
49.2	36.4	[48,51)
72	71.4	[72,75)
45.7	44.9	[45,48)
62.4	67	[60,63)
37.9	38.7	[36,39)
57.7	61	[57,60)
48.2	35	[48,51)
49.8	52.3	[48,51)
69.3	65.6	[69,72)
78.3	71	[78,81)
39.1	53.5	[39,42)
51.6	51.5	[51,54)
60.9	70.4	[60,63)
48.2	49.3	[48,51)
73.5	73.3	[72,75)
25.7	28	[24,27)
49.5	44.6	[48,51)
50.8	53.7	[48,51)
36	32.3	[36,39)
47.2	46.3	[45,48)
45.3	48.9	[45,48)
61.8	55.9	[60,63)
59	54.4	[57,60)
37.8	43.3	[36,39)
47.8	50.9	[45,48)
31.9	34.6	[30,33)
75.3	76.7	[75,78)
51.6	52.9	[51,54)
34.5	32.5	[33,36)
74.7	73.2	[72,75)
37.3	33.7	[36,39)
51.4	53.3	[51,54)
62.9	62.9	[60,63)
50.6	44.8	[48,51)
70.6	75.1	[69,72)
33.2	27.9	[33,36)
66	70.9	[66,69)
21.5	27.6	[21,24)
61.4	58.6	[60,63)
76.6	73.3	[75,78)
30.9	32.7	[30,33)
70	71.9	[69,72)
64.6	71.5	[63,66)
77.4	67.9	[75,78)
39.5	40	[39,42)
66	66.8	[66,69)
51.9	50.5	[51,54)
23.3	28.4	[21,24)
24.3	32.7	[24,27)
60.2	62	[60,63)
18.2	25.9	[18,21)
76.3	67.3	[75,78)
45.5	49.8	[45,48)
41.6	45.4	[39,42)
46.7	45.2	[45,48)
62.8	64.5	[60,63)
29.3	34.3	[27,30)
45.5	45.9	[45,48)
58.7	66.6	[57,60)
74.7	75.1	[72,75)
58.2	62.1	[57,60)
46.9	43.2	[45,48)
79.3	73.6	[78,81)
60.6	53	[60,63)
57.2	56.4	[57,60)
64.4	68.7	[63,66)
36.3	40.6	[36,39)
46.2	47	[45,48)
49.6	49.4	[48,51)
49.4	56.1	[48,51)
74.5	70	[72,75)
55.3	55.6	[54,57)
51.9	49.2	[51,54)
69.3	69.3	[69,72)
68.4	74.9	[66,69)
54.4	57.7	[54,57)
43.8	50.1	[42,45)
29.3	35.5	[27,30)
32.1	30.6	[30,33)
51.3	52.9	[51,54)
70.9	67.6	[69,72)
50.1	48.3	[48,51)
40.3	38.1	[39,42)
60.3	66.4	[60,63)
31.2	26.1	[30,33)
38.2	36.7	[36,39)
53.5	48.9	[51,54)
32.5	33.2	[30,33)
55.7	51.2	[54,57)
56.4	51.8	[54,57)
74.8	73.2	[72,75)
58.4	50.5	[57,60)
23.7	29.5	[21,24)
46.1	54.7	[45,48)
55	50.6	[54,57)
36.1	38.9	[36,39)
57.1	58.4	[57,60)
57.2	51.6	[57,60)
33.7	39.2	[33,36)
71.6	70.4	[69,72)
38	45.1	[36,39)
48	52.4	[48,51)
28.2	31	[27,30)
71.8	70.7	[69,72)
50.3	50.4	[48,51)
69.8	73.4	[69,72)
62.2	62.4	[60,63)
33.5	44.3	[33,36)
64.4	66	[63,66)
27.9	28.7	[27,30)
33.3	37.7	[33,36)
76.2	72.7	[75,78)
58.5	67.4	[57,60)
38.4	48.5	[36,39)
32.1	27.9	[30,33)
58.9	63	[57,60)
21	19.9	[21,24)
40.7	46.9	[39,42)
60.1	68.3	[60,63)
74.7	72.9	[72,75)
39	48.5	[39,42)
60.7	62.5	[60,63)
60.3	63.4	[60,63)
68.5	70.2	[66,69)
37.9	35.5	[36,39)
43.6	42.5	[42,45)
59	68.2	[57,60)
39.7	40	[39,42)
65.4	67.4	[63,66)
62.5	69.1	[60,63)
70	68.8	[69,72)
64.1	65.9	[63,66)
28.2	36.1	[27,30)
47.9	46.5	[45,48)
37.5	31.4	[36,39)
65.1	73.5	[63,66)
45	46.8	[45,48)
75.7	75.6	[75,78)
62.9	68.1	[60,63)
55.5	53.8	[54,57)
55	63.8	[54,57)
34	33.2	[33,36)
44.5	43.3	[42,45)
77.7	71.4	[75,78)
55.6	61.7	[54,57)
33.4	30.5	[33,36)
78.2	71.1	[78,81)
70.3	70	[69,72)
39.2	34.9	[39,42)
60.7	61.7	[60,63)
53.1	58.8	[51,54)
71.5	71.1	[69,72)
32.4	33.8	[30,33)
52.8	41.5	[51,54)
57.1	56.9	[57,60)
70.5	69.6	[69,72)
24.9	38.3	[24,27)
40.6	41.7	[39,42)
49.9	53.7	[48,51)
68.7	75.9	[66,69)
74	65.2	[72,75)
77.5	72.3	[75,78)
26.1	31.3	[24,27)
70.5	73.8	[69,72)
46.1	46.7	[45,48)
43.9	47.9	[42,45)
34	34.8	[33,36)
65.7	63.3	[63,66)
63.6	70.5	[63,66)
44.7	45.7	[42,45)
68.2	64.7	[66,69)
71.6	63.2	[69,72)
62.2	71.6	[60,63)
58.7	69.2	[57,60)
67.8	67.3	[66,69)
76.8	67.5	[75,78)
46	51.2	[45,48)
50.1	47.1	[48,51)
51.9	57	[51,54)
58.5	64.6	[57,60)
33.7	39.7	[33,36)
41	34	[39,42)
50.5	54.6	[48,51)
76.4	71.8	[75,78)
54.8	56.4	[54,57)
68.2	70.8	[66,69)
69.9	66.1	[69,72)
52.5	51.5	[51,54)
36.9	30.5	[36,39)
49.3	54.5	[48,51)
58.6	66.1	[57,60)
70.7	70.7	[69,72)
37.2	37.6	[36,39)
53.2	52.9	[51,54)
35.1	33.5	[33,36)
37.6	36.5	[36,39)
69.9	72.9	[69,72)
54.2	49.1	[54,57)
35.6	35.6	[33,36)
48.1	52.8	[48,51)
64.4	70	[63,66)
54.8	48.7	[54,57)
64.2	69.2	[63,66)
24.9	21	[24,27)
68.4	67.6	[66,69)
32.8	38.5	[30,33)
38.5	40.3	[36,39)
46.3	40.6	[45,48)
60.4	52.8	[60,63)
73.3	66.5	[72,75)
43.2	33.7	[42,45)
75.4	70.2	[75,78)
46.7	45.4	[45,48)
44.4	40.2	[42,45)
62.6	72.2	[60,63)
68.9	68.6	[66,69)
66.2	73.4	[66,69)
71.9	67.7	[69,72)
70.8	71.7	[69,72)
52.9	52.8	[51,54)
51.9	54	[51,54)
40	36.6	[39,42)
43.1	51.8	[42,45)
55.6	55.6	[54,57)
51.4	54.2	[51,54)
58.7	51.8	[57,60)
54.4	36.7	[54,57)
52.4	57.7	[51,54)
54.2	55.7	[54,57)
38.3	37.9	[36,39)
67.9	67.5	[66,69)
61.9	66.4	[60,63)
66.1	69.2	[66,69)
25.9	20.4	[24,27)
73.5	73.4	[72,75)
41.9	36.3	[39,42)
27.5	30.8	[27,30)
28.4	30.6	[27,30)
36	40.6	[36,39)
49	42.2	[48,51)
61.7	64.2	[60,63)
72.1	71.5	[72,75)
42.8	49.2	[42,45)
31.3	26	[30,33)
51.2	49.5	[51,54)
51.9	70.3	[51,54)
72.7	70.7	[72,75)
55.3	53.6	[54,57)
31.1	34.1	[30,33)
43.9	43.6	[42,45)
45.7	53.3	[45,48)
44.1	35.7	[42,45)
48.3	45.9	[48,51)
64.2	50.8	[63,66)
40.3	28.7	[39,42)
72.9	61.9	[72,75)
77.9	77.5	[75,78)
66.1	69.7	[66,69)
65.8	68.9	[63,66)
49.2	44.4	[48,51)
66.2	71.3	[66,69)
28.1	35.8	[27,30)
58.1	58.5	[57,60)
76.2	76	[75,78)
53.9	58.7	[51,54)
73.1	52.8	[72,75)
46.2	38.4	[45,48)
45	54.6	[45,48)
31.1	36.6	[30,33)
44.4	46.4	[42,45)
37.1	40.7	[36,39)
58.8	53.3	[57,60)
69.4	65.3	[69,72)
60.4	65.5	[60,63)
62.7	59.8	[60,63)
54.4	57.3	[54,57)
53.8	51	[51,54)
67.3	70.9	[66,69)
31.3	31	[30,33)
30.1	22	[30,33)
77.6	75.9	[75,78)
65.6	69.1	[63,66)
64.6	73.4	[63,66)
62.4	69	[60,63)
31.9	33.2	[30,33)
48	44.1	[48,51)
53.9	56.6	[51,54)
53.8	47.6	[51,54)
49.5	47	[48,51)
42.1	41.9	[42,45)
37.7	32.1	[36,39)
58.4	49.7	[57,60)
44.8	47.5	[42,45)
62.6	60.4	[60,63)
51.8	55.8	[51,54)
50.4	50.8	[48,51)
67.9	72.6	[66,69)
53.8	49	[51,54)
50.9	59.2	[48,51)
66.8	66.2	[66,69)
49.4	42.6	[48,51)
38.2	36.8	[36,39)
57.2	45.5	[57,60)
76.2	69.7	[75,78)
47.6	60	[45,48)
34.2	30.6	[33,36)
49.6	48.6	[48,51)
42.8	46.1	[42,45)
52.3	51.4	[51,54)
57.1	47.9	[57,60)
80.4	68.9	[78,81)
40.6	38.3	[39,42)
67.8	67.6	[66,69)
46.5	49.9	[45,48)
41	47.9	[39,42)
60.4	66.1	[60,63)
70	76.9	[69,72)
32.4	31.2	[30,33)
33.1	31.8	[33,36)
57.9	47.4	[57,60)
55.2	40.5	[54,57)
76.5	76.7	[75,78)
26.8	35.1	[24,27)
50.8	51.8	[48,51)
55.9	46.5	[54,57)
46.7	34.6	[45,48)
46.7	35.7	[45,48)
44.4	51.1	[42,45)
76.3	68.7	[75,78)
52.9	47	[51,54)
46	49.1	[45,48)
73.9	77.2	[72,75)
62.2	67.9	[60,63)
70	71.4	[69,72)
49.4	49.1	[48,51)
43.8	37.7	[42,45)
46.9	47.4	[45,48)
52.2	46.9	[51,54)
34.2	24.3	[33,36)
74.1	72.5	[72,75)
37.7	39.2	[36,39)
56.2	52.3	[54,57)
25.7	25.1	[24,27)
30.2	34.1	[30,33)
53.2	63.7	[51,54)
30.9	36.6	[30,33)
32	33	[30,33)
57.3	57.8	[57,60)
68.5	75.9	[66,69)
63.6	69.5	[63,66)
61.7	63.1	[60,63)
60.2	63.4	[60,63)
31.1	31.6	[30,33)
67.4	71.8	[66,69)
50.7	48.2	[48,51)
64.8	75.7	[63,66)
43.4	48.8	[42,45)
44.6	35.8	[42,45)
38	33.4	[36,39)
26.6	35.3	[24,27)
36.3	34.6	[36,39)
33.1	36.4	[33,36)
38.6	42.8	[36,39)
34.8	31	[33,36)
23.5	25.4	[21,24)
36.2	36.2	[36,39)
60.8	65.1	[60,63)
71.8	72.6	[69,72)
72.6	67.3	[72,75)
63.5	63.8	[63,66)
67.9	67.8	[66,69)
66.6	71.3	[66,69)
40.4	37.8	[39,42)
64.8	69.6	[63,66)
33.1	31	[33,36)
64.7	70.7	[63,66)
50.5	55	[48,51)
46.5	44.5	[45,48)
68.3	71.7	[66,69)
41.9	35	[39,42)
64.1	68.4	[63,66)
46.2	46.3	[45,48)
18.2	23.6	[18,21)
44.1	38.6	[42,45)
55	61.2	[54,57)
29.4	33.4	[27,30)
67.2	73.1	[66,69)
47.2	45.5	[45,48)
28.3	28.5	[27,30)
60.4	63	[60,63)
71.9	72.9	[69,72)
50.1	50.6	[48,51)
52.1	47.3	[51,54)
27.9	26.6	[27,30)
47.8	37.3	[45,48)
72.1	73.7	[72,75)
27.3	31.3	[27,30)
46.5	49.9	[45,48)
43.3	51.5	[42,45)
54.2	49.8	[54,57)
65.8	57.3	[63,66)
69.1	66.4	[69,72)
31.7	28.5	[30,33)
48.9	57	[48,51)
40.3	36	[39,42)
61.3	54.4	[60,63)
32.4	34.7	[30,33)
56	53.2	[54,57)
58.8	48	[57,60)
41.8	45.3	[39,42)
67	71	[66,69)
61.2	76.8	[60,63)
46.5	45.6	[45,48)
23.8	26.4	[21,24)
23.1	27.8	[21,24)
73	67.2	[72,75)
70	71.4	[69,72)
39.4	32.9	[39,42)
49.2	55.3	[48,51)
50.1	50.3	[48,51)
59.1	53.6	[57,60)
60.1	53.5	[60,63)
45.5	46.5	[45,48)
33.8	31.7	[33,36)
68.5	64.6	[66,69)
75.8	78.6	[75,78)
41.9	51.3	[39,42)
26.4	30.1	[24,27)
51.6	50.2	[51,54)
65	74.5	[63,66)
56.9	53.1	[54,57)
77.3	74.8	[75,78)
48.1	38.5	[48,51)
54.3	45.4	[54,57)
32.7	28.3	[30,33)
48.9	41	[48,51)
21.3	29.5	[21,24)
60.9	66.5	[60,63)
62.6	63.1	[60,63)
60.6	55.9	[60,63)
49.9	55.7	[48,51)
73.9	77.4	[72,75)
39.2	38.1	[39,42)
32	31.1	[30,33)
60.7	54.5	[60,63)
34	36.2	[33,36)
47.9	45.7	[45,48)
61.3	69	[60,63)
54.6	66.4	[54,57)
45	46.2	[45,48)
48.7	41.7	[48,51)
61.1	64.7	[60,63)
52	45.9	[51,54)
37.8	37.3	[36,39)
45.7	54.6	[45,48)
45.4	42.9	[45,48)
33.2	33.1	[33,36)
49.2	49.5	[48,51)
72.3	65.5	[72,75)
61.6	56	[60,63)
39.1	50	[39,42)
52.8	55.5	[51,54)
54.8	53.1	[54,57)
53.9	50.6	[51,54)
46.1	41.2	[45,48)
59.2	55.5	[57,60)
20.7	22.5	[18,21)
41.2	42.9	[39,42)
52.7	65.5	[51,54)
38.9	50.2	[36,39)
40.2	34.6	[39,42)
42.4	44	[42,45)
52.7	54	[51,54)
54.1	48.2	[54,57)
64.4	68.5	[63,66)
41.6	37.4	[39,42)
38.5	37.4	[36,39)
50.9	45.8	[48,51)
36.7	34.4	[36,39)
27.6	35.3	[27,30)
37.4	33.4	[36,39)
27.4	36.5	[27,30)
53.3	52.7	[51,54)
73.4	66.2	[72,75)
43.6	36.3	[42,45)
30.2	24.6	[30,33)
50.4	55.6	[48,51)
51.1	50.4	[51,54)
66.2	72.7	[66,69)
28.2	30.2	[27,30)
31.9	36.2	[30,33)
28.2	31.9	[27,30)
58.5	52.3	[57,60)
64.9	71.5	[63,66)
69.1	73.2	[69,72)
60.6	52.9	[60,63)
27.1	32.6	[27,30)
50.3	54.3	[48,51)
38.7	40.3	[36,39)
72.9	71.6	[72,75)
28.8	32.6	[27,30)
62.8	66	[60,63)
34.9	35.7	[33,36)
51.8	49.5	[51,54)
20.9	26.6	[18,21)
32.9	33.4	[30,33)
62.2	59.4	[60,63)
22.6	21.5	[21,24)
66.5	67.2	[66,69)
65	68.1	[63,66)
56.8	61	[54,57)
58.4	62	[57,60)
61.3	63.6	[60,63)
57.4	51.8	[57,60)
32.8	24.7	[30,33)
62	65.5	[60,63)
38.4	52.1	[36,39)
59.2	66.1	[57,60)
51.3	56.3	[51,54)
32.3	31.8	[30,33)
65	72.2	[63,66)
56.6	58.1	[54,57)
51.4	57.9	[51,54)
75.7	63.1	[75,78)
54.2	60	[54,57)
29	29	[27,30)
51.2	61.2	[51,54)
46.3	49.8	[45,48)
76.3	73.2	[75,78)
33.4	27.6	[33,36)
36.1	34.5	[36,39)
22.8	30.2	[21,24)
58.2	57.2	[57,60)
28.2	29.9	[27,30)
66.5	66.4	[66,69)
54.8	53.9	[54,57)
69.6	71.3	[69,72)
61.2	67.3	[60,63)
54.2	56.3	[54,57)
62.7	52	[60,63)
49.4	54.6	[48,51)
53	53.3	[51,54)
76.1	71.8	[75,78)
46.6	49.9	[45,48)
66.3	63.7	[66,69)
43.5	39.2	[42,45)
30.7	33.7	[30,33)
57.4	55.3	[57,60)
60	52.8	[60,63)
30.2	34.5	[30,33)
60.3	53.7	[60,63)
60.6	71.3	[60,63)
67.1	76.1	[66,69)
33.1	39.7	[33,36)
74.1	73.1	[72,75)
51.3	54.9	[51,54)
56.7	50.2	[54,57)
54.4	60.3	[54,57)
51.9	48.9	[51,54)
74.8	74.5	[72,75)
68.5	62.3	[66,69)
50.2	59.7	[48,51)
41	44.7	[39,42)
80.1	72.8	[78,81)
48.8	46.7	[48,51)
69.4	76.5	[69,72)
33.7	51.8	[33,36)
37.1	40.3	[36,39)
38.5	35.6	[36,39)
43.6	40.4	[42,45)
18.2	24.9	[18,21)
69.5	70.8	[69,72)
48.6	54.2	[48,51)
19	20.2	[18,21)
22.6	26.4	[21,24)
68.2	75.2	[66,69)
55.4	49.8	[54,57)
40.1	50.7	[39,42)
48.3	49	[48,51)
63.9	67.3	[63,66)
27.7	28.9	[27,30)
30.3	32.7	[30,33)
27.6	32.9	[27,30)
48.9	57.1	[48,51)
48.7	51.6	[48,51)
55.8	61.6	[54,57)
51.1	57.9	[51,54)
44.3	39.4	[42,45)
39.2	29.9	[39,42)
47.5	53.5	[45,48)
66.7	72.6	[66,69)
56.3	54	[54,57)
31.8	35.7	[30,33)
48.2	53.7	[48,51)
75.3	74.5	[75,78)
24.7	30	[24,27)
71.9	71.3	[69,72)
70.2	74	[69,72)
61	59.1	[60,63)
34.3	36.4	[33,36)
55.3	49.7	[54,57)
73.4	74	[72,75)
64.9	66	[63,66)
47.7	51.5	[45,48)
33.8	33.1	[33,36)
72.4	77.2	[72,75)
49.2	55.6	[48,51)
57.1	48.1	[57,60)
65.3	56.7	[63,66)
66.2	70.4	[66,69)
43	52.9	[42,45)
26.1	30.2	[24,27)
53.3	53.6	[51,54)
62.2	61.2	[60,63)
43.2	49.8	[42,45)
39	32	[39,42)
34.5	36.6	[33,36)
30.7	29.9	[30,33)
78.6	70.8	[78,81)
32.6	43.7	[30,33)
42.8	37.8	[42,45)
46.6	47.3	[45,48)
51.8	47.8	[51,54)
63.6	65.6	[63,66)
49.4	63.5	[48,51)
38.9	42.7	[36,39)
46.7	51.1	[45,48)
21.1	29.3	[21,24)
36.3	31.5	[36,39)
66.1	75.4	[66,69)
36.8	31.7	[36,39)
63.5	63.3	[63,66)
66.9	72	[66,69)
64.7	71.3	[63,66)
81.1	78	[81,84)
67.9	62.9	[66,69)
83.3	71.3	[81,84)
72.5	73	[72,75)
44	50.2	[42,45)
44.6	44	[42,45)
53	50.3	[51,54)
69.5	65.4	[69,72)
60.8	47.6	[60,63)
60.1	55.1	[60,63)
51.1	60	[51,54)
48.7	50.8	[48,51)
24.7	27.8	[24,27)
47.7	55.8	[45,48)
51.3	49.3	[51,54)
67.5	64.5	[66,69)
53.4	55.8	[51,54)
26.3	27	[24,27)
41.8	53.5	[39,42)
67.5	64.4	[66,69)
46.1	53.7	[45,48)
67.3	73.5	[66,69)
64.4	68.9	[63,66)
56.2	50.5	[54,57)
42.8	51.2	[42,45)
43	44	[42,45)
72.3	68.4	[72,75)
26.4	29.5	[24,27)
51	42.7	[51,54)
32.8	33.5	[30,33)
59.1	54.4	[57,60)
45.6	40.9	[45,48)
67.2	58.8	[66,69)
56.9	52	[54,57)
56.6	57.6	[54,57)
45.5	52.5	[45,48)
42.4	34.4	[42,45)
33.3	39.1	[33,36)
42.8	43.4	[42,45)
27.4	40.8	[27,30)
56.7	53.1	[54,57)
55.1	64	[54,57)
48.6	45.6	[48,51)
32.7	35.3	[30,33)
63.6	72.3	[63,66)
35.7	40.5	[33,36)
33.2	34.5	[33,36)
53	52	[51,54)
50.8	43.1	[48,51)
51.1	52.3	[51,54)
32.3	30.8	[30,33)
73	71.7	[72,75)
66	69.2	[66,69)
62	56.1	[60,63)
54.5	64.2	[54,57)
46.7	41.6	[45,48)
56.9	47.9	[54,57)
75.2	77.2	[75,78)
34	33.3	[33,36)
49.5	55.2	[48,51)
51.8	39.5	[51,54)
40.7	46.5	[39,42)
50.9	46.1	[48,51)
23.9	30.7	[21,24)
40.4	38.8	[39,42)
52	45.6	[51,54)
70.4	73.7	[69,72)
64.8	58.7	[63,66)
71.5	62.9	[69,72)
50.1	48.3	[48,51)
49.9	47.2	[48,51)
66.4	69	[66,69)
50.5	50.5	[48,51)
34.2	41.7	[33,36)
35.5	34.7	[33,36)
29.5	30.2	[27,30)
32	38.2	[30,33)
50.6	52.6	[48,51)
62.5	59.2	[60,63)
34.9	38.2	[33,36)
51.8	49.8	[51,54)
52.6	50.8	[51,54)
47.9	47.3	[45,48)
70.1	75.3	[69,72)
25.9	34.9	[24,27)
27	35.9	[27,30)
64.9	64.9	[63,66)
72.4	72.2	[72,75)
76.8	71.3	[75,78)
77.6	76.6	[75,78)
48	46.6	[48,51)
35.3	33.6	[33,36)
27.9	30.3	[27,30)
72.8	69.8	[72,75)
73.4	65.2	[72,75)
41.4	47	[39,42)
19.4	27	[18,21)
62.9	70.4	[60,63)
63.1	67.2	[63,66)
66.9	73.1	[66,69)
74.8	63	[72,75)
40.1	49.1	[39,42)
39.9	32.2	[39,42)
57.6	68.3	[57,60)
54.7	58.2	[54,57)
72.3	73.9	[72,75)
62.7	50.4	[60,63)
33.1	30.1	[33,36)
72.9	72.1	[72,75)
19.9	23.7	[18,21)
75.7	73	[75,78)
61.8	66.7	[60,63)
70.2	65.5	[69,72)
32.6	38.6	[30,33)
50.4	46.1	[48,51)
58.1	65.1	[57,60)
33.1	31.6	[33,36)
51	51.9	[51,54)
37.4	35.2	[36,39)
51.5	52.9	[51,54)
62.4	62.1	[60,63)
38.2	51.1	[36,39)
27.7	25.6	[27,30)
50.3	36	[48,51)
41	37.5	[39,42)
75.3	63.2	[75,78)
60.6	52.6	[60,63)
37.3	35.3	[36,39)
41.8	39.7	[39,42)
37.7	29.9	[36,39)
36	43.2	[36,39)
25.2	33	[24,27)
46.8	48.3	[45,48)
80.9	71.9	[78,81)
39.5	45.7	[39,42)
29.6	34.4	[27,30)
51.6	48	[51,54)
56.3	48.8	[54,57)
23	26.6	[21,24)
61.9	52.8	[60,63)
44.7	53.1	[42,45)
44.1	44.9	[42,45)
60.6	68.7	[60,63)
44.8	43.4	[42,45)
72	72.7	[72,75)
49.4	47.2	[48,51)
66.9	67.1	[66,69)
46.8	47.6	[45,48)
56.1	50.8	[54,57)
25.3	26.8	[24,27)
35.2	34.2	[33,36)
69	69.2	[69,72)
54.5	58	[54,57)
27.2	26	[27,30)
40	52.7	[39,42)
45.3	49	[45,48)
53.5	50	[51,54)
42	41.3	[42,45)
63.1	60.2	[63,66)
43.8	39	[42,45)
70.3	66.3	[69,72)
65.9	67.6	[63,66)
30.6	31.9	[30,33)
41.1	38.3	[39,42)
71	66.9	[69,72)
68.1	64	[66,69)
60.9	70.1	[60,63)
72.1	69.9	[72,75)
67.6	70.6	[66,69)
66.5	62	[66,69)
56.7	65.1	[54,57)
55.2	49.8	[54,57)
72.2	66.9	[72,75)
54.2	54.9	[54,57)
54.8	48.7	[54,57)
60.8	56.8	[60,63)
76.5	72.9	[75,78)
42.1	43.8	[42,45)
29.1	32.7	[27,30)
53.1	48.6	[51,54)
33.8	37.6	[33,36)
53.7	54.9	[51,54)
53	53.2	[51,54)
66.8	71.2	[66,69)
60.4	54.6	[60,63)
58.3	44.7	[57,60)
73.8	73.8	[72,75)
45.6	51	[45,48)
70.9	73.5	[69,72)
52.8	60.1	[51,54)
52.1	62	[51,54)
66.7	69.8	[66,69)
50.8	53.7	[48,51)
69.5	64.8	[69,72)
60.4	64.6	[60,63)
38	28.6	[36,39)
62.3	62	[60,63)
42.7	49	[42,45)
47.7	47.1	[45,48)
53.1	55.3	[51,54)
58.8	51	[57,60)
60.7	61.3	[60,63)
43.8	44.7	[42,45)
32.3	31.8	[30,33)
18.2	26.7	[18,21)
33.6	32.8	[33,36)
60.3	50.5	[60,63)
30.4	30.8	[30,33)
31.6	37.3	[30,33)
67.8	67.3	[66,69)
52.1	53.3	[51,54)
58.4	56	[57,60)
48.8	43.5	[48,51)
26.4	30.2	[24,27)
51	56	[51,54)
36.3	32.7	[36,39)
44.7	50.3	[42,45)
50.6	46.1	[48,51)
66.4	69.7	[66,69)
43.2	43.8	[42,45)
39.4	33.5	[39,42)
52.5	50.2	[51,54)
75.6	72.6	[75,78)
62.3	51.7	[60,63)
69.7	67.1	[69,72)
46.7	50.6	[45,48)
41.9	48.7	[39,42)
64.1	62.4	[63,66)
59.6	59.4	[57,60)
68.5	71.3	[66,69)
36.1	37.3	[36,39)
47	51.5	[45,48)
67.8	73.2	[66,69)
52.1	51.6	[51,54)
22.8	27.2	[21,24)
48.5	47.2	[48,51)
62.6	46.7	[60,63)
49.5	57	[48,51)
51.9	55.4	[51,54)
64	68.1	[63,66)
52.8	44.9	[51,54)
30.4	35.6	[30,33)
37.2	35.3	[36,39)
55.4	54.2	[54,57)
61.6	59.2	[60,63)
71.5	70.1	[69,72)
75.8	68.9	[75,78)
26.4	32.9	[24,27)
57.4	70.5	[57,60)
67.7	69	[66,69)
48.3	47.7	[48,51)
55	46.9	[54,57)
21.3	21.4	[21,24)
69.3	70.4	[69,72)
79.3	80.9	[78,81)
70.5	71.5	[69,72)
48.4	42.4	[48,51)
69.4	70.8	[69,72)
48.4	38.7	[48,51)
56.6	50.7	[54,57)
39.6	47	[39,42)
50.8	52.3	[48,51)
75.1	70.4	[75,78)
67.8	64.9	[66,69)
77.2	65.9	[75,78)
21.9	25.5	[21,24)
71.3	75.4	[69,72)
46.7	52.3	[45,48)
25	22.3	[24,27)
54.3	55.9	[54,57)
56.5	60.3	[54,57)
55.8	55.1	[54,57)
65.3	66.9	[63,66)
64.1	65.6	[63,66)
26.2	34.8	[24,27)
45.6	40	[45,48)
75.8	73.4	[75,78)
48.6	50.3	[48,51)
64.9	53.6	[63,66)
65.6	64.8	[63,66)
67.9	70	[66,69)
63.4	61.1	[63,66)
75	72.8	[75,78)
46.1	45.2	[45,48)
36.7	32.2	[36,39)
42.5	41	[42,45)
70	73.1	[69,72)
72.3	68.8	[72,75)
53	56.5	[51,54)
57.8	66.8	[57,60)
73	61.7	[72,75)
69.1	67.5	[69,72)
58.6	65.4	[57,60)
74.3	73.6	[72,75)
46.6	46.9	[45,48)
41.7	49.1	[39,42)
42.8	43.5	[42,45)
66.3	62.3	[66,69)
43.7	43.4	[42,45)
44.5	44.1	[42,45)
36.8	35.8	[36,39)
27.9	29.6	[27,30)
73.6	71.7	[72,75)
64.2	60.5	[63,66)
33.1	30.8	[33,36)
64.4	68.2	[63,66)
71.7	63.3	[69,72)
55.1	52.4	[54,57)
55.7	53.3	[54,57)
52.9	51.9	[51,54)
49.9	49	[48,51)
74.1	73.4	[72,75)
68.7	73.5	[66,69)
48.8	43.2	[48,51)
63.4	65	[63,66)
38.8	37.6	[36,39)
33.7	30.9	[33,36)
29.4	24.5	[27,30)
42.9	44.2	[42,45)
49.7	53.9	[48,51)
45	46.3	[45,48)
71.4	73	[69,72)
67	63.1	[66,69)
62.6	68.5	[60,63)
61.3	63.2	[60,63)
58.7	51.1	[57,60)
61.6	68.6	[60,63)
27.9	29	[27,30)
59.1	65.5	[57,60)
54.6	48.5	[54,57)
74.2	74.8	[72,75)
53.5	52.2	[51,54)
50.7	52.4	[48,51)
66	62.2	[66,69)
65.4	74.8	[63,66)
31.4	33.8	[30,33)
39.3	41.3	[39,42)
42.7	32.9	[42,45)
54.9	56.8	[54,57)
30.4	30	[30,33)
44.1	42.9	[42,45)
67	64	[66,69)
59.3	53.5	[57,60)
46.7	47	[45,48)
49.3	52	[48,51)
66.7	64	[66,69)
45.7	55.5	[45,48)
54.3	55	[54,57)
50.1	50.7	[48,51)
34.2	31.8	[33,36)
50.7	46.3	[48,51)
36.7	29.2	[36,39)
66.4	70.1	[66,69)
57.9	50.4	[57,60)
36.2	36.4	[36,39)
43.6	48.1	[42,45)
60.4	64.4	[60,63)
60.2	53.3	[60,63)
48.6	52.4	[48,51)
74.2	70.4	[72,75)
27.5	28	[27,30)
64	67.3	[63,66)
29.6	25.7	[27,30)
36.8	38.8	[36,39)
73.2	66.9	[72,75)
64.2	70.5	[63,66)
67.3	74.4	[66,69)
35.8	30.8	[33,36)
70.3	74.2	[69,72)
49.6	53.5	[48,51)
30.8	30	[30,33)
71.1	73.5	[69,72)
64.7	63.5	[63,66)
41	35.9	[39,42)
60	47.1	[60,63)
61.2	62.5	[60,63)
46.1	42	[45,48)
49.9	49.7	[48,51)
67.9	73.3	[66,69)
47.9	39.1	[45,48)
42.9	37.9	[42,45)
42.7	35.5	[42,45)
30.2	33.7	[30,33)
60.9	60.4	[60,63)
31.8	23.5	[30,33)
42.9	45.1	[42,45)
50.1	49.5	[48,51)
64.1	65.3	[63,66)
70.7	74.9	[69,72)
69.3	69.2	[69,72)
60.4	57.5	[60,63)
50.6	50.4	[48,51)
40.7	35.6	[39,42)
34.6	29.5	[33,36)
72.6	70.7	[72,75)
30.8	32.9	[30,33)
51.5	53.8	[51,54)
55.5	55	[54,57)
31.9	32	[30,33)
36.9	37.4	[36,39)
49.1	49.4	[48,51)
42.2	54.3	[42,45)
60.7	54	[60,63)
59.2	57.9	[57,60)
44.4	49.7	[42,45)
57.4	59.6	[57,60)
70.7	73.4	[69,72)
56.4	52.5	[54,57)
51.1	51.1	[51,54)
55	51.9	[54,57)
47.7	44.5	[45,48)
47.7	46.9	[45,48)
41.6	44.3	[39,42)
31	33.6	[30,33)
46.6	43.2	[45,48)
45.8	48.8	[45,48)
50.6	52.6	[48,51)
35.2	42.4	[33,36)
35.7	29.7	[33,36)
41.9	41.3	[39,42)
43.9	39.7	[42,45)
53	72	[51,54)
46.5	39.7	[45,48)
68.3	68.7	[66,69)
40.2	42.4	[39,42)
62.5	53.7	[60,63)
54.6	54.9	[54,57)
48.5	40.8	[48,51)
76.8	76.8	[75,78)
54.6	59.7	[54,57)
30.3	31.6	[30,33)
36.1	37.7	[36,39)
37	43.1	[36,39)
38	36.9	[36,39)
64.1	71.8	[63,66)
64.9	73.9	[63,66)
71.7	70.7	[69,72)
45.9	47.6	[45,48)
68.7	62.6	[66,69)
65.6	70.7	[63,66)
64.6	70.9	[63,66)
71.1	72.9	[69,72)
52.2	55.7	[51,54)
36.1	38.6	[36,39)
66.4	71.3	[66,69)
46.9	46.3	[45,48)
41.2	39.2	[39,42)
24.6	25	[24,27)
70.8	73.8	[69,72)
53.5	48.6	[51,54)
46.7	49.1	[45,48)
69	71.3	[69,72)
64.6	74.3	[63,66)
66.3	68.4	[66,69)
48.5	47.2	[48,51)
52.3	48.4	[51,54)
73.3	73.4	[72,75)
28.3	25.5	[27,30)
54.8	59.5	[54,57)
49.8	44.6	[48,51)
69.2	69.5	[69,72)
72	73.9	[72,75)
62.2	60.4	[60,63)
61.6	68.2	[60,63)
77.5	68.6	[75,78)
57.9	52.8	[57,60)
65.3	66.5	[63,66)
49.6	49.1	[48,51)
44.7	43.4	[42,45)
30.7	28.4	[30,33)
67.3	70.2	[66,69)
42.6	41.9	[42,45)
33.3	30.3	[33,36)
39.9	47.5	[39,42)
45.7	45.2	[45,48)
50.2	46.4	[48,51)
65.4	70.3	[63,66)
39.4	31.2	[39,42)
50.4	53.3	[48,51)
54.2	48.4	[54,57)
43.3	43.4	[42,45)
69.6	68.7	[69,72)
66	67.9	[66,69)
56.2	60.3	[54,57)
53.9	55.1	[51,54)
64.1	71	[63,66)
39.5	29.5	[39,42)
29.2	24.6	[27,30)
56	59	[54,57)
74.9	76.4	[72,75)
26.4	29.6	[24,27)
42.6	38.9	[42,45)
39.1	41.1	[39,42)
51.6	47.5	[51,54)
48.1	39.7	[48,51)
60.5	64.6	[60,63)
62.1	71	[60,63)
27.5	27.2	[27,30)
53.1	45.3	[51,54)
35.2	35.4	[33,36)
39.9	43.6	[39,42)
54.1	50.9	[54,57)
43.9	57.2	[42,45)
31.3	31.9	[30,33)
57.5	49.8	[57,60)
41.4	40	[39,42)
51.7	48.8	[51,54)
46.7	53	[45,48)
63.8	51.5	[63,66)
72.8	67.2	[72,75)
59.1	61.3	[57,60)
57	45.5	[57,60)
51.1	51	[51,54)
59.3	64.8	[57,60)
26.5	26.6	[24,27)
69.6	66	[69,72)
61.1	66.6	[60,63)
39.6	31.9	[39,42)
41	46.6	[39,42)
29.2	29.1	[27,30)
32.6	30	[30,33)
68.7	73.2	[66,69)
67.7	69.2	[66,69)
27.7	23.8	[27,30)
45.3	48.8	[45,48)
63.3	61.7	[63,66)
61.4	59.6	[60,63)
37.8	35.1	[36,39)
48.8	50.4	[48,51)
80.3	71.8	[78,81)
56.1	57.4	[54,57)
69.5	67.7	[69,72)
74.1	75.3	[72,75)
25.7	32.1	[24,27)
62.3	60.5	[60,63)
36.9	47.1	[36,39)
57.1	53.7	[57,60)
47.7	42.6	[45,48)
49.9	55.8	[48,51)
46.3	43.9	[45,48)
38.6	39.6	[36,39)
33.2	27.6	[33,36)
51.1	55.1	[51,54)
59	64.1	[57,60)
64.6	63.5	[63,66)
61.4	65.7	[60,63)
64.1	60.1	[63,66)
73	71.4	[72,75)
74.6	65.1	[72,75)
57.2	69	[57,60)
58.4	49.2	[57,60)
56.5	56	[54,57)
34.7	46	[33,36)
74.8	67.5	[72,75)
72.8	69.8	[72,75)
65.5	63.4	[63,66)
44.8	53.2	[42,45)
71.9	74.7	[69,72)
54.8	67.1	[54,57)
45.2	48.4	[45,48)
30.1	36.4	[30,33)
50.6	43.1	[48,51)
45.4	54.5	[45,48)
73.6	72.6	[72,75)
64.9	65.1	[63,66)
64.3	67.9	[63,66)
37.8	30.3	[36,39)
30.8	28.2	[30,33)
75.6	72.7	[75,78)
61.9	63.7	[60,63)
32.2	42.9	[30,33)
54.6	58.8	[54,57)
43.5	50.6	[42,45)
30.1	24.5	[30,33)
32.5	38.3	[30,33)
50.5	51.5	[48,51)
68.1	70.7	[66,69)
73.7	74.1	[72,75)
58	40.9	[57,60)
52.4	66.9	[51,54)
37.3	37.7	[36,39)
40.4	47.8	[39,42)
62.5	66.2	[60,63)
52.1	57.1	[51,54)
47	49.2	[45,48)
56.6	57.3	[54,57)
65.6	66.4	[63,66)
26.6	33.5	[24,27)
62.6	72.2	[60,63)
38.3	37	[36,39)
48.3	46.2	[48,51)
61.5	61.6	[60,63)
24.4	33.1	[24,27)
33.6	35.5	[33,36)
53.7	53.3	[51,54)
67.2	69.9	[66,69)
64.7	61.7	[63,66)
67.7	59.5	[66,69)
58.4	52.6	[57,60)
68.9	63.4	[66,69)
65.4	69.7	[63,66)
73.3	70.2	[72,75)
52.8	47.6	[51,54)
32.9	25.8	[30,33)
63.2	67.9	[63,66)
72	71.8	[72,75)
56.1	63.9	[54,57)
57.3	53.9	[57,60)
19.6	18.8	[18,21)
52.7	46.4	[51,54)
54.3	53.3	[54,57)
33.8	32.6	[33,36)
47.7	54.7	[45,48)
36.3	36	[36,39)
30.1	38.3	[30,33)
71.2	69.5	[69,72)
50.9	50.8	[48,51)
39	40.7	[39,42)
61.8	66.7	[60,63)
32.4	33.9	[30,33)
49.8	48.2	[48,51)
24	31.8	[24,27)
60.1	63.8	[60,63)
36.4	35.3	[36,39)
67.1	65.9	[66,69)
39.5	44.4	[39,42)
73.1	77.3	[72,75)
58.3	63.9	[57,60)
67.2	75.1	[66,69)
51.5	40.9	[51,54)
57.6	68	[57,60)
52.5	47.6	[51,54)
46.6	56.4	[45,48)
74.5	68.6	[72,75)
67.9	70.9	[66,69)
49	52.7	[48,51)
56.9	63.1	[54,57)
72.1	72.8	[72,75)
30.6	35.7	[30,33)
49.1	64.7	[48,51)
54.5	53.1	[54,57)
48.8	48.1	[48,51)
67.9	75	[66,69)
20.1	27.4	[18,21)
51.1	50.8	[51,54)
37.1	47.4	[36,39)
37.6	32.7	[36,39)
56	49	[54,57)
46.6	51	[45,48)
51.6	54.5	[51,54)
18.5	23.7	[18,21)
26.9	27.1	[24,27)
51	51.2	[51,54)
63.4	62.2	[63,66)
69.1	64.3	[69,72)
61.5	57.4	[60,63)
56	51.1	[54,57)
48.7	49.4	[48,51)
33.1	33.1	[33,36)
60	65.8	[60,63)
62	68.7	[60,63)
67.6	70.7	[66,69)
32.7	32.8	[30,33)
63.3	67.4	[63,66)
40.7	43.5	[39,42)
71.2	66.1	[69,72)
39.9	42.1	[39,42)
84	73.1	[84,87)
51.3	50.7	[51,54)
58.7	65	[57,60)
47.4	53.4	[45,48)
27.2	32.2	[27,30)
70.6	73.9	[69,72)
69.5	72.4	[69,72)
51.2	44.5	[51,54)
56.5	53.1	[54,57)
39.9	34.3	[39,42)
43	42.2	[42,45)
71.7	68.8	[69,72)
39.6	40.8	[39,42)
37	30.9	[36,39)
51.1	49.7	[51,54)
48.9	49.8	[48,51)
67.4	63.7	[66,69)
66.5	73	[66,69)
56.9	47.9	[54,57)
42.3	42.6	[42,45)
55.1	55.1	[54,57)
45.5	42.5	[45,48)
37	38.2	[36,39)
68.2	67	[66,69)
46	46.6	[45,48)
27.6	35	[27,30)
29.2	26.3	[27,30)
61	62.1	[60,63)
58.4	52.3	[57,60)
62.2	73.1	[60,63)
51.8	51.9	[51,54)
69.5	65.4	[69,72)
68.9	73	[66,69)
55.7	55.4	[54,57)
39.5	37.2	[39,42)
41.9	43.2	[39,42)
42.1	43	[42,45)
53.5	62.2	[51,54)
53	66.7	[51,54)
43.5	49.1	[42,45)
69.7	69	[69,72)
61.4	58.6	[60,63)
52.3	54.5	[51,54)
66.2	67.3	[66,69)
49.1	46.4	[48,51)
60.1	54.2	[60,63)
43.7	43.8	[42,45)
52.9	50.6	[51,54)
46	39.5	[45,48)
51.2	53.4	[51,54)
51.1	52	[51,54)
61.6	74.3	[60,63)
41.5	42.7	[39,42)
39.8	43.4	[39,42)
38.2	33.8	[36,39)
73.7	69.6	[72,75)
45.7	47.4	[45,48)
52.6	53.2	[51,54)
50.6	60.9	[48,51)
40.2	38.6	[39,42)
40.7	36	[39,42)
30.4	31.3	[30,33)
34.4	33.8	[33,36)
52.7	50.4	[51,54)
56.3	44	[54,57)
50.5	56.1	[48,51)
33	33.3	[33,36)
68.4	74.6	[66,69)
68.4	67.5	[66,69)
73.8	69	[72,75)
51.6	45.2	[51,54)
60	61	[60,63)
45.6	41.6	[45,48)
21.5	24.2	[21,24)
36.6	32	[36,39)
67.1	72.9	[66,69)
44.4	46.5	[42,45)
80.4	74.8	[78,81)
39.2	32.1	[39,42)
63.8	52	[63,66)
22.5	32.7	[21,24)
49.3	57.4	[48,51)
74.5	72.1	[72,75)
65.9	64.2	[63,66)
48.2	47.7	[48,51)
49.7	39.6	[48,51)
43.9	46	[42,45)
48.8	33.5	[48,51)
28.3	35.7	[27,30)
61.6	64.3	[60,63)
59.1	51.1	[57,60)
53.3	52.9	[51,54)
57.6	53.4	[57,60)
40	33.3	[39,42)
63.8	70.3	[63,66)
69.9	72.7	[69,72)
56.6	47.7	[54,57)
43.6	38.9	[42,45)
46.6	44.3	[45,48)
43.9	46.5	[42,45)
76.3	73.7	[75,78)
40.5	39.2	[39,42)
62.3	63	[60,63)
40.1	44.8	[39,42)
74.1	70.7	[72,75)
65.8	63.7	[63,66)
31.2	33.3	[30,33)
44.3	42.2	[42,45)
67.8	67.6	[66,69)
31.6	31.4	[30,33)
76	72.2	[75,78)
36.1	35.5	[36,39)
47.5	47.2	[45,48)
52.4	55.5	[51,54)
22.7	27.1	[21,24)
62.9	64.5	[60,63)
39.7	35.3	[39,42)
51	51.8	[51,54)
66.7	73.8	[66,69)
43.8	43.9	[42,45)
42.3	53.1	[42,45)
36.6	36.3	[36,39)
48.6	48.2	[48,51)
71.3	73	[69,72)
69.5	70.2	[69,72)
53.2	47.7	[51,54)
57.1	61.9	[57,60)
62.8	69.2	[60,63)
73.6	71.5	[72,75)
53.3	58.8	[51,54)
63.2	63.4	[63,66)
49.9	50.3	[48,51)
52.6	51.8	[51,54)
70.2	68	[69,72)
34.5	29	[33,36)
31.5	34.2	[30,33)
59.8	53.3	[57,60)
32.7	35	[30,33)
46.7	45.7	[45,48)
41.4	46.6	[39,42)
66.1	72.7	[66,69)
63	57.9	[63,66)
54.4	62.3	[54,57)
47.3	53.9	[45,48)
62.1	71	[60,63)
47.9	50.8	[45,48)
51	48.7	[51,54)
34	34	[33,36)
43.4	47.4	[42,45)
62	65.2	[60,63)
80.6	70.7	[78,81)
26.9	25.9	[24,27)
67.1	71.4	[66,69)
46.8	46.3	[45,48)
62.8	49.7	[60,63)
41.2	31.2	[39,42)
63.8	73.3	[63,66)
65.6	72.3	[63,66)
72.1	68.3	[72,75)
28.2	29.1	[27,30)
41.3	43.8	[39,42)
43	44.1	[42,45)
35.2	38	[33,36)
56.7	64.9	[54,57)
73.9	75.4	[72,75)
50.2	42.3	[48,51)
30.6	36.3	[30,33)
65.3	70.1	[63,66)
61.9	61.2	[60,63)
39.1	35	[39,42)
74.2	74.4	[72,75)
40.9	37.1	[39,42)
59.5	64.3	[57,60)
62.6	67.9	[60,63)
76.7	74.6	[75,78)
40	49.4	[39,42)
55.2	56	[54,57)
60.1	66	[60,63)
68.7	78.6	[66,69)
38.4	39.6	[36,39)
41.8	35	[39,42)
26.8	26.1	[24,27)
25.9	22.6	[24,27)
23.5	25.8	[21,24)
46.1	49.8	[45,48)
74.8	73.2	[72,75)
35.2	31.3	[33,36)
44.1	41.6	[42,45)
41.5	38.4	[39,42)
60.4	70.3	[60,63)
54.5	46.7	[54,57)
22.9	24.3	[21,24)
48.3	45.2	[48,51)
50.9	63.1	[48,51)
51	42.7	[51,54)
38	35	[36,39)
48.2	48.6	[48,51)
70.6	70.2	[69,72)
32.6	31.2	[30,33)
65.7	39.8	[63,66)
66.3	66.8	[66,69)
50.7	60.3	[48,51)
45.3	41.5	[45,48)
51.7	38.3	[51,54)
52.6	52.5	[51,54)
66	69.7	[66,69)
23.7	27.2	[21,24)
24	30	[24,27)
41.3	34.9	[39,42)
41.8	53.7	[39,42)
30.1	34.5	[30,33)
70.7	69.8	[69,72)
38.8	39.5	[36,39)
39.2	44.3	[39,42)
26.9	26.9	[24,27)
40.8	38.2	[39,42)
57.5	53.1	[57,60)
58.5	60.5	[57,60)
40	34	[39,42)
50.3	50.4	[48,51)
28.9	31.8	[27,30)
55.8	64.6	[54,57)
62	51.9	[60,63)
43.4	48.3	[42,45)
45.7	49.6	[45,48)
24.7	28.3	[24,27)
67.3	66	[66,69)
56.2	66.8	[54,57)
69.8	57.7	[69,72)
61.3	51.6	[60,63)
55.4	56.6	[54,57)
51.5	50	[51,54)
66.3	57.7	[66,69)
55.8	61.7	[54,57)
37.5	39.8	[36,39)
37.5	39.7	[36,39)
53	52.6	[51,54)
46.3	49.5	[45,48)
70.6	77.4	[69,72)
45.8	41.6	[45,48)
69.2	65.3	[69,72)
71.9	68.1	[69,72)
41.7	49.8	[39,42)
67.5	68.5	[66,69)
62.7	57.6	[60,63)
50.7	55	[48,51)
54.9	56.5	[54,57)
29	39.1	[27,30)
52.9	56.2	[51,54)
41.8	53.3	[39,42)
53.8	53.1	[51,54)
26	23.6	[24,27)
37.7	46.6	[36,39)
43.3	45	[42,45)
44.9	46.8	[42,45)
47.9	66	[45,48)
65.2	71.6	[63,66)
35	34.2	[33,36)
35.5	26.8	[33,36)
36.1	37.7	[36,39)
40.4	33.7	[39,42)
50.2	53.3	[48,51)
47.8	42.8	[45,48)
63.5	63.2	[63,66)
26.7	29.7	[24,27)
50	49.3	[48,51)
51.6	46.5	[51,54)
68.9	74.9	[66,69)
68.7	71	[66,69)
62.6	62.2	[60,63)
62.9	59.4	[60,63)
73.3	73.3	[72,75)
51	52	[51,54)
58.7	49.1	[57,60)
65.4	69.4	[63,66)
65.7	64.3	[63,66)
46.4	45.2	[45,48)
60.3	52.5	[60,63)
36.5	35.1	[36,39)
32.2	29.9	[30,33)
28.6	37.1	[27,30)
52.5	49.4	[51,54)
39.9	41.3	[39,42)
58.8	57.6	[57,60)
26.6	23.8	[24,27)
50.1	52.3	[48,51)
67.8	68	[66,69)
42.6	38.3	[42,45)
64.2	54.2	[63,66)
50	52.2	[48,51)
58.5	53.5	[57,60)
64.4	66.6	[63,66)
67.3	74	[66,69)
55.6	57.6	[54,57)
45.9	45.6	[45,48)
55.1	52.3	[54,57)
55.9	60.6	[54,57)
77.4	72.3	[75,78)
31.3	22.7	[30,33)
37.6	39.8	[36,39)
53.4	43.6	[51,54)
35.8	36.8	[33,36)
69.7	69.7	[69,72)
43.2	42.8	[42,45)
52	48.9	[51,54)
66.9	71.5	[66,69)
53.6	49.9	[51,54)
44.6	53.3	[42,45)
66.6	64.5	[66,69)
61.5	54	[60,63)
70.5	71.9	[69,72)
63.8	64.2	[63,66)
51	51.4	[51,54)
42.6	49.2	[42,45)
36.8	38.2	[36,39)
54.6	54.2	[54,57)
38.9	25.4	[36,39)
69.7	63.7	[69,72)
39.7	35.4	[39,42)
67.8	67.8	[66,69)
26.7	26.8	[24,27)
82.6	74	[81,84)
54.7	48.5	[54,57)
51.3	55.6	[51,54)
44.3	47.5	[42,45)
62.8	60.7	[60,63)
45.6	49.8	[45,48)
57.1	47.2	[57,60)
44.2	36.9	[42,45)
54.6	52.2	[54,57)
55.9	46.6	[54,57)
41.4	43.6	[39,42)
56.6	55.9	[54,57)
76.2	64.3	[75,78)
40.8	39.9	[39,42)
64.6	60.7	[63,66)
65.5	61.7	[63,66)
58.3	65.7	[57,60)
44.5	37.2	[42,45)
57.9	56.9	[57,60)
51.9	58.5	[51,54)
56.4	55.7	[54,57)
49.7	45.6	[48,51)
36.1	31.2	[36,39)
55.2	40.8	[54,57)
49.9	52.6	[48,51)
60	61.1	[60,63)
64.4	70.3	[63,66)
74.8	77.2	[72,75)
45.2	52.2	[45,48)
72.6	74.3	[72,75)
56.3	51.6	[54,57)
48.3	43.8	[48,51)
45.1	44.9	[45,48)
24.2	21.5	[24,27)
61.4	62.4	[60,63)
57.8	50.5	[57,60)
56.3	53.5	[54,57)
59.2	54	[57,60)
33.4	33	[33,36)
74.9	75.1	[72,75)
68.2	67.2	[66,69)
29.2	31	[27,30)
51	54.2	[51,54)
55.1	59.1	[54,57)
71.2	71.2	[69,72)
40.3	37.1	[39,42)
60.8	72	[60,63)
48.4	40.3	[48,51)
37.4	33.7	[36,39)
55.4	55.2	[54,57)
56.8	55.5	[54,57)
64.6	62.5	[63,66)
62.2	69.1	[60,63)
31	35	[30,33)
50.9	54.3	[48,51)
44.3	44.6	[42,45)
44.8	38.6	[42,45)
66.1	70.4	[66,69)
57.2	63.2	[57,60)
66.6	65.3	[66,69)
47.1	43.1	[45,48)
35.7	35.8	[33,36)
71.1	69.8	[69,72)
68.8	68.1	[66,69)
52.4	55.8	[51,54)
30.3	39.5	[30,33)
51.4	52.6	[51,54)
28.8	28.9	[27,30)
72.2	74.9	[72,75)
40.3	43.5	[39,42)
35.8	40.5	[33,36)
33.7	40.7	[33,36)
49.4	44.4	[48,51)
37.8	40.6	[36,39)
61	68.2	[60,63)
45.1	39.6	[45,48)
51.2	54.2	[51,54)
39	36.5	[39,42)
27.2	31.7	[27,30)
54.2	53.2	[54,57)
39.1	48.9	[39,42)
31.3	35.9	[30,33)
41.2	46.1	[39,42)
73.5	73.2	[72,75)
61.3	56.7	[60,63)
57.6	58.7	[57,60)
72.1	69.6	[72,75)
53.6	51	[51,54)
29.8	33	[27,30)
49.3	50.9	[48,51)
57.9	65	[57,60)
60.9	65.4	[60,63)
56.9	59.4	[54,57)
45.7	43.3	[45,48)
71.5	74.5	[69,72)
44	49.8	[42,45)
38.9	42.8	[36,39)
38.2	33	[36,39)
57.5	57.5	[57,60)
67.3	74.7	[66,69)
58.1	53.9	[57,60)
58.7	67.4	[57,60)
70.3	70.8	[69,72)
54.5	50	[54,57)
65.3	74.3	[63,66)
53.9	56.2	[51,54)
56.5	59.6	[54,57)
43.6	48	[42,45)
72	71.2	[72,75)
68.2	69.8	[66,69)
77.6	73.4	[75,78)
39.1	33	[39,42)
74.4	69.7	[72,75)
41.1	38.9	[39,42)
70.3	77.3	[69,72)
49.4	45.5	[48,51)
45.4	39.6	[45,48)
73.7	73.2	[72,75)
62.5	51.7	[60,63)
47.7	64.2	[45,48)
69.6	65.3	[69,72)
59	53.6	[57,60)
35.4	33.8	[33,36)
32.1	30.3	[30,33)
76.4	75.6	[75,78)
72.4	73.7	[72,75)
62.6	65.8	[60,63)
59.5	45.8	[57,60)
59.9	53.8	[57,60)
52.4	52.6	[51,54)
24.5	22.7	[24,27)
74.1	72.8	[72,75)
61.5	59.4	[60,63)
35.9	40.7	[33,36)
32.2	33.9	[30,33)
75.2	73.6	[75,78)
41.4	46.7	[39,42)
35.9	36.7	[33,36)
76.5	71.2	[75,78)
64.5	65	[63,66)
40	38.3	[39,42)
67.3	71.7	[66,69)
32.9	35.5	[30,33)
44.3	46.3	[42,45)
47.7	45.4	[45,48)
63.3	55.4	[63,66)
67.7	68.9	[66,69)
46.1	46.9	[45,48)
46.8	50.5	[45,48)
38.2	38.8	[36,39)
50.9	51.2	[48,51)
43.8	57.3	[42,45)
39.9	27	[39,42)
79.6	75.5	[78,81)
68	71.4	[66,69)
58.7	58.7	[57,60)
28.8	29	[27,30)
53	49.8	[51,54)
60.6	67.1	[60,63)
59.2	66.3	[57,60)
71.7	70.5	[69,72)
56.1	49.1	[54,57)
54.3	60.3	[54,57)
49.3	55.4	[48,51)
41.7	49.6	[39,42)
38.8	43.5	[36,39)
60.3	64.3	[60,63)
35.3	36.9	[33,36)
20.6	24.6	[18,21)
54.3	58.7	[54,57)
77	66.8	[75,78)
52	43.2	[51,54)
34.4	33.7	[33,36)
53.9	52.7	[51,54)
45.8	53.2	[45,48)
43.6	44.6	[42,45)
70.7	73.1	[69,72)
53.7	49.1	[51,54)
47.5	53.9	[45,48)
64.5	64.5	[63,66)
57	60.2	[57,60)
41.8	43.8	[39,42)
61.1	68.8	[60,63)
61.2	66.9	[60,63)
68.4	70.3	[66,69)
72	65.4	[72,75)
33.7	27.4	[33,36)
29.9	29.4	[27,30)
29.7	37.8	[27,30)
51	52.3	[51,54)
38.3	40.5	[36,39)
64.2	62.9	[63,66)
49	49.5	[48,51)
38.7	47.2	[36,39)
49.8	47.6	[48,51)
42.6	46.8	[42,45)
32.5	34.1	[30,33)
70.9	68.2	[69,72)
73.7	72.6	[72,75)
51.6	47.1	[51,54)
66.9	67.5	[66,69)
67.3	69.6	[66,69)
72.9	66.7	[72,75)
64.6	52.3	[63,66)
80.1	79.9	[78,81)
71.1	73.8	[69,72)
44.2	44.2	[42,45)
62.9	64.1	[60,63)
31	34.3	[30,33)
68.5	69.4	[66,69)
72.6	74	[72,75)
68.3	64.4	[66,69)
71.1	76.1	[69,72)
49.6	45.5	[48,51)
36.2	36.9	[36,39)
27.4	31.9	[27,30)
56.6	54.2	[54,57)
68.2	72.5	[66,69)
46.5	44.2	[45,48)
71.3	73.3	[69,72)
43.5	46.7	[42,45)
35.7	32.6	[33,36)
30.8	33.2	[30,33)
35.5	41.2	[33,36)
74.8	72.7	[72,75)
61.7	70.4	[60,63)
36	35.1	[36,39)
74.1	75.9	[72,75)
42.8	42.3	[42,45)
60.7	54.6	[60,63)
51.9	49.7	[51,54)
55.1	62.4	[54,57)
47.7	36.6	[45,48)
59.6	62.2	[57,60)
80	72.8	[78,81)
41.7	32.2	[39,42)
47.9	41.2	[45,48)
48.8	47.6	[48,51)
52.6	52.1	[51,54)
33.3	35.1	[33,36)
51.1	41.7	[51,54)
69.9	69.8	[69,72)
21.1	37	[21,24)
26.7	29.8	[24,27)
43.1	42.6	[42,45)
42.8	31.7	[42,45)
67.4	68	[66,69)
34.1	32.1	[33,36)
60.4	49.1	[60,63)
54.9	55.5	[54,57)
50.6	45.9	[48,51)
52.5	56.7	[51,54)
33	29.9	[33,36)
48.1	43.1	[48,51)
30	33.4	[30,33)
64.7	59.1	[63,66)
53.5	51.2	[51,54)
43.5	41.9	[42,45)
38	38.7	[36,39)
51.4	53.7	[51,54)
33.7	33	[33,36)
58.6	56.4	[57,60)
31	39.2	[30,33)
64.4	63.6	[63,66)
40.8	43.1	[39,42)
51.6	44.5	[51,54)
63.3	80.7	[63,66)
59.7	65.5	[57,60)
53.1	60.5	[51,54)
67.7	60.7	[66,69)
55.8	53.4	[54,57)
57	56.8	[57,60)
44.3	49.2	[42,45)
56	49.1	[54,57)
49.4	49.7	[48,51)
40.5	27.2	[39,42)
38.8	33.3	[36,39)
71.3	71.7	[69,72)
65	70.3	[63,66)
72.4	73.2	[72,75)
60.3	64.8	[60,63)
45.7	42.4	[45,48)
55.5	61.6	[54,57)
62.8	67.9	[60,63)
36	35.4	[36,39)
46.2	45.6	[45,48)
66.3	64.9	[66,69)
60.4	55.9	[60,63)
41.7	41	[39,42)
62	61.7	[60,63)
34	39.4	[33,36)
45.8	48.8	[45,48)
47.6	43	[45,48)
74.6	62.6	[72,75)
59.6	47.9	[57,60)
40.8	45.8	[39,42)
50.7	56.9	[48,51)
71.8	67.5	[69,72)
20.7	31.8	[18,21)
75.1	75	[75,78)
47.4	39	[45,48)
42.9	44.6	[42,45)
71.9	68.8	[69,72)
23.6	22.5	[21,24)
77.1	75.6	[75,78)
63.6	61.5	[63,66)
27.1	27.5	[27,30)
22.2	26.9	[21,24)
44.5	47.2	[42,45)
51.5	49.2	[51,54)
62.8	63	[60,63)
62.5	65.1	[60,63)
64	71.9	[63,66)
48.3	54.9	[48,51)
60.9	58.2	[60,63)
58.4	64.1	[57,60)
65.9	66.9	[63,66)
22.9	29.7	[21,24)
52.2	55.2	[51,54)
61.1	68.9	[60,63)
73.7	72.5	[72,75)
71.8	69.6	[69,72)
38.2	33.1	[36,39)
34.3	31.7	[33,36)
42.2	31.9	[42,45)
31.2	30.1	[30,33)
53.8	55.2	[51,54)
59	58.4	[57,60)
60.4	65.4	[60,63)
77	74	[75,78)
36.6	33.4	[36,39)
73.1	71.3	[72,75)
50.9	50.9	[48,51)
63.7	54	[63,66)
37	31.1	[36,39)
27.9	36	[27,30)
68.9	71.9	[66,69)
66.8	72.5	[66,69)
76.9	72.1	[75,78)
41.1	47.2	[39,42)
67.9	69	[66,69)
26.2	29.7	[24,27)
62	59.3	[60,63)
34.7	35	[33,36)
68.7	72.2	[66,69)
41.3	46.3	[39,42)
66.2	69.7	[66,69)
50	49.8	[48,51)
69.2	73.9	[69,72)
72.7	80.7	[72,75)
45	45.9	[45,48)
45.4	44.1	[45,48)
41.9	50.6	[39,42)
60.9	62.5	[60,63)
46.3	45.8	[45,48)
42.4	40.3	[42,45)
52.8	54.4	[51,54)
49.4	47.2	[48,51)
59.1	54.4	[57,60)
31.8	36.9	[30,33)
29.1	30.6	[27,30)
58.3	40.2	[57,60)
31.5	29.1	[30,33)
57.8	65.6	[57,60)
60.6	59.6	[60,63)
68.5	65.3	[66,69)
66.9	65.1	[66,69)
43.2	44.9	[42,45)
45.4	47.7	[45,48)
31.7	36.1	[30,33)
27	22.9	[27,30)
33.7	24.1	[33,36)
64.5	62	[63,66)
63	67.3	[63,66)
69.1	60.9	[69,72)
70.8	69.5	[69,72)
59.5	62.2	[57,60)
73.8	66	[72,75)
37.1	30.9	[36,39)
52.4	53.8	[51,54)
27.7	33.1	[27,30)
49	47.4	[48,51)
65.1	66.8	[63,66)
36.5	48.6	[36,39)
40.3	39.5	[39,42)
23.4	30.3	[21,24)
52.5	51.2	[51,54)
76	70.6	[75,78)
39	49.5	[39,42)
79	75.7	[78,81)
52	57.1	[51,54)
51.3	56.6	[51,54)
28.3	32.7	[27,30)
65.7	65.9	[63,66)
76.1	70.9	[75,78)
76	75.1	[75,78)
69.9	64.8	[69,72)
40.5	48.3	[39,42)
42.7	49.2	[42,45)
29.5	27.4	[27,30)
44.7	49.8	[42,45)
51.4	55.6	[51,54)
29.3	31.5	[27,30)
31.3	30.2	[30,33)
68.3	72.8	[66,69)
78.1	74.4	[78,81)
58.1	56.5	[57,60)
64.5	67.7	[63,66)
50.1	38.2	[48,51)
31.3	31.1	[30,33)
34.4	38	[33,36)
68.4	71.1	[66,69)
36.9	34.2	[36,39)
50.9	40.6	[48,51)
80.8	75.2	[78,81)
38.3	33.5	[36,39)
64	66.1	[63,66)
52.6	55.9	[51,54)
60.7	51.9	[60,63)
57.2	51.6	[57,60)
70.1	65.5	[69,72)
22.3	39.2	[21,24)
67.6	76.6	[66,69)
28.8	35.9	[27,30)
66	65.5	[66,69)
63.2	61.1	[63,66)
65.7	74.7	[63,66)
41.1	40.6	[39,42)
70.2	73.1	[69,72)
42.3	55.3	[42,45)
36.7	39.9	[36,39)
48.6	54.2	[48,51)
45.9	59.1	[45,48)
40.5	44.7	[39,42)
43.2	44.1	[42,45)
63.8	67.6	[63,66)
56.1	62.7	[54,57)
49.4	53.7	[48,51)
66.1	65.1	[66,69)
36.4	37	[36,39)
74.9	66.7	[72,75)
62.9	64.8	[60,63)
75.5	70.6	[75,78)
31.6	35.2	[30,33)
48.9	41	[48,51)
26.7	33.2	[24,27)
70	74.4	[69,72)
53.5	52.5	[51,54)
77.2	69.9	[75,78)
41.9	37.8	[39,42)
52.6	58	[51,54)
46.3	52	[45,48)
57	46.1	[57,60)
48.8	55.6	[48,51)
53.9	51.4	[51,54)
48.3	51.3	[48,51)
66.3	69.6	[66,69)
46.8	51.1	[45,48)
60.2	51.7	[60,63)
69.9	70.1	[69,72)
62.7	63.7	[60,63)
70.6	74.7	[69,72)
61.1	64	[60,63)
65.6	68.3	[63,66)
41.7	38.4	[39,42)
46.3	39.5	[45,48)
21.6	28.1	[21,24)
33.3	30.9	[33,36)
68.2	69.2	[66,69)
51.1	46.6	[51,54)
74.1	77.6	[72,75)
26.4	31.8	[24,27)
42.4	48.9	[42,45)
49.8	38.4	[48,51)
40.8	45.9	[39,42)
49.7	37.9	[48,51)
31.2	32.1	[30,33)
62.2	55	[60,63)
45.9	48.4	[45,48)
64.9	76.9	[63,66)
56.8	57.8	[54,57)
18.2	31.7	[18,21)
59	65.7	[57,60)
23.2	26.3	[21,24)
51.6	55.5	[51,54)
67.5	65.9	[66,69)
35.6	40.1	[33,36)
39.6	40.3	[39,42)
55	53.6	[54,57)
65.4	61.6	[63,66)
34.4	40.6	[33,36)
74.3	75.6	[72,75)
69.7	71.4	[69,72)
62.7	68.8	[60,63)
59.6	55.4	[57,60)
32.6	35.7	[30,33)
57.5	49.2	[57,60)
62.5	59.7	[60,63)
60	55.5	[60,63)
33.3	36.4	[33,36)
71	73	[69,72)
54.5	47.8	[54,57)
70.4	73.4	[69,72)
51.3	51.4	[51,54)
71.6	75.3	[69,72)
72.3	71.6	[72,75)
73	75.5	[72,75)
53.2	49.2	[51,54)
29.8	32.8	[27,30)
62.9	67.9	[60,63)
55.2	52.7	[54,57)
60.7	60.1	[60,63)
52.7	47.7	[51,54)
76.7	71.1	[75,78)
47.2	44.6	[45,48)
45.9	53.8	[45,48)
55.9	53.3	[54,57)
43.2	46.5	[42,45)
37.2	38.1	[36,39)
71.7	67.5	[69,72)
40.2	38	[39,42)
59.5	46.3	[57,60)
56.6	63.5	[54,57)
68.7	73.2	[66,69)
65.3	70.8	[63,66)
70.5	64.6	[69,72)
24.3	28.5	[24,27)
55.1	53.3	[54,57)
70.8	63.2	[69,72)
42.7	45.6	[42,45)
51.3	51.8	[51,54)
48.6	47.8	[48,51)
41.5	42.5	[39,42)
62.6	60	[60,63)
73.3	71.3	[72,75)
41.2	54	[39,42)
32.1	31.4	[30,33)
73	75.5	[72,75)
28.3	34.6	[27,30)
72.3	68.7	[72,75)
49	49.9	[48,51)
50.8	49	[48,51)
45.7	51.1	[45,48)
53	59.9	[51,54)
75.9	74.4	[75,78)
61.5	65.8	[60,63)
44.9	44	[42,45)
30.1	31.4	[30,33)
65.2	68	[63,66)
45.1	44.2	[45,48)
74.9	69.1	[72,75)
51.5	54.1	[51,54)
48.8	56.7	[48,51)
42.1	41.5	[42,45)
64.7	59	[63,66)
54.2	47.3	[54,57)
71.5	71.5	[69,72)
50.9	59.3	[48,51)
28.9	31.3	[27,30)
45.1	39.2	[45,48)
65.5	71.1	[63,66)
34.6	31.5	[33,36)
49.9	51.2	[48,51)
56.5	56.3	[54,57)
68.6	60.7	[66,69)
52.7	43	[51,54)
70	63.8	[69,72)
44.6	46.3	[42,45)
39.5	39	[39,42)
31.7	27.6	[30,33)
58.9	53.8	[57,60)
55.8	51.2	[54,57)
43.1	44.4	[42,45)
37.9	28.6	[36,39)
62.4	58.5	[60,63)
45.7	46.1	[45,48)
26.7	25.9	[24,27)
77.8	70.6	[75,78)
33.1	30.2	[33,36)
62.7	65	[60,63)
62.8	62.5	[60,63)
53.4	45.5	[51,54)
50.4	59	[48,51)
67.4	67	[66,69)
46.9	37.8	[45,48)
51.2	57.6	[51,54)
54.2	52.7	[54,57)
68.7	66.7	[66,69)
63	68.2	[63,66)
74.4	65.7	[72,75)
62.5	62.4	[60,63)
26	27.9	[24,27)
56.2	51.4	[54,57)
34.2	32.6	[33,36)
63.1	66.7	[63,66)
66.5	68.6	[66,69)
29.1	25.2	[27,30)
64.2	48.5	[63,66)
43	49.4	[42,45)
38.3	39.3	[36,39)
27	29.1	[27,30)
26	28.9	[24,27)
57.2	50.1	[57,60)
68.7	67.6	[66,69)
36.2	42.1	[36,39)
70.1	72.4	[69,72)
31.3	29.6	[30,33)
42.9	41.1	[42,45)
37.5	45.7	[36,39)
66.3	59.6	[66,69)
44.8	43.2	[42,45)
42.2	42.5	[42,45)
45.7	47.3	[45,48)
50.9	54.4	[48,51)
53.3	41.6	[51,54)
81.9	76.7	[81,84)
24.8	21.5	[24,27)
59.3	56.6	[57,60)
50.6	46.7	[48,51)
67.4	67.2	[66,69)
51.9	53.5	[51,54)
56.7	66	[54,57)
62.8	47.2	[60,63)
74.1	73	[72,75)
68.5	68.3	[66,69)
40.1	41.7	[39,42)
40.9	66.7	[39,42)
57.4	56.9	[57,60)
74.2	71.2	[72,75)
40.8	53.9	[39,42)
49.3	45.6	[48,51)
76.9	75.2	[75,78)
43.2	47.2	[42,45)
66.7	66.9	[66,69)
55	49.7	[54,57)
53.5	60.4	[51,54)
74.7	69.4	[72,75)
42.7	44.2	[42,45)
48.6	53.8	[48,51)
46.1	49.3	[45,48)
49.8	52.3	[48,51)
63.2	64.8	[63,66)
64.9	63.7	[63,66)
50.3	57.2	[48,51)
40.1	46.3	[39,42)
49.1	37.4	[48,51)
55.1	49.1	[54,57)
45.5	52.1	[45,48)
44.4	42.6	[42,45)
34.4	37.7	[33,36)
29.6	35.7	[27,30)
32.6	30.7	[30,33)
70.4	63.6	[69,72)
62	57.8	[60,63)
50.5	47.6	[48,51)
67.1	62.4	[66,69)
55.6	54.5	[54,57)
46.2	48.3	[45,48)
50.2	55.8	[48,51)
48.1	42.4	[48,51)
61.1	64.2	[60,63)
54.1	66.1	[54,57)
50	42	[48,51)
58.1	59.7	[57,60)
65.9	67.5	[63,66)
42.7	47	[42,45)
54.6	52.5	[54,57)
32.1	32.8	[30,33)
35.1	36.6	[33,36)
63.6	68.2	[63,66)
21.9	21.1	[21,24)
45.6	34.6	[45,48)
42.7	39.3	[42,45)
59.9	53.2	[57,60)
29	28.6	[27,30)
61.6	63	[60,63)
67.4	77.8	[66,69)
47.9	48.6	[45,48)
22.6	24.4	[21,24)
73.9	72.6	[72,75)
47.3	46.5	[45,48)
54.1	54.6	[54,57)
68.9	72.5	[66,69)
27	29.7	[27,30)
55.7	54.9	[54,57)
34.2	31.6	[33,36)
48.1	42.5	[48,51)
42.7	34	[42,45)
53.1	46.3	[51,54)
47.7	43.9	[45,48)
48	54.1	[48,51)
49.4	60.7	[48,51)
68.3	62.1	[66,69)
58.3	53	[57,60)
37.5	37.8	[36,39)
32.1	25.4	[30,33)
49.9	51.5	[48,51)
23.4	25.2	[21,24)
79.9	77.1	[78,81)
64.6	72.2	[63,66)
44.2	45.8	[42,45)
62.6	67.5	[60,63)
39.5	49.9	[39,42)
48.5	54.8	[48,51)
28.8	25.7	[27,30)
48.9	51.2	[48,51)
35.8	19.5	[33,36)
53.7	55.3	[51,54)
73.7	73.9	[72,75)
42.4	42.8	[42,45)
42.6	45.5	[42,45)
29.2	35	[27,30)
52.5	44.2	[51,54)
50.8	51.4	[48,51)
71.8	73.5	[69,72)
47.6	56.6	[45,48)
50.3	44.5	[48,51)
59	60.5	[57,60)
65	69.9	[63,66)
73.8	77.8	[72,75)
35.8	51.6	[33,36)
75.4	75.2	[75,78)
44.4	50.7	[42,45)
65.2	69.2	[63,66)
71.8	70.8	[69,72)
58	62.5	[57,60)
72.1	67.9	[72,75)
65.7	66.3	[63,66)
42.7	36.7	[42,45)
35.9	45.1	[33,36)
46.2	47.2	[45,48)
74.1	72.3	[72,75)
78.1	69.9	[78,81)
72.2	74.1	[72,75)
45	37.8	[45,48)
22.8	25.2	[21,24)
47.4	50	[45,48)
57.7	55.9	[57,60)
48.7	40.3	[48,51)
41	28.6	[39,42)
50.3	57.9	[48,51)
40.3	48.7	[39,42)
37.7	35.1	[36,39)
61.2	66.1	[60,63)
52.9	50.6	[51,54)
47.5	41.5	[45,48)
53.6	52.9	[51,54)
20.6	22.1	[18,21)
54.9	47.9	[54,57)
69.1	72.9	[69,72)
70.7	74.8	[69,72)
66.5	63.8	[66,69)
54.1	50	[54,57)
53.1	50.6	[51,54)
72.8	66	[72,75)
49.3	47.6	[48,51)
41.9	43.4	[39,42)
32	18.1	[30,33)
31.8	31.8	[30,33)
51.9	51.3	[51,54)
67.8	73.2	[66,69)
43.1	47.6	[42,45)
58.9	66.8	[57,60)
39.4	39.9	[39,42)
42.1	44.9	[42,45)
67.2	59.2	[66,69)
51.1	49.4	[51,54)
29.8	37.9	[27,30)
52.5	45.9	[51,54)
74.8	74	[72,75)
45.2	47.3	[45,48)
69	68.2	[69,72)
62.6	67.5	[60,63)
38.4	54.8	[36,39)
39.9	32.7	[39,42)
56.8	56.2	[54,57)
39.9	38.7	[39,42)
70.5	64.2	[69,72)
56	52.7	[54,57)
54.6	59.3	[54,57)
55.9	56.1	[54,57)
66.5	60.8	[66,69)
46.7	49.4	[45,48)
61.5	66.7	[60,63)
55.3	59.1	[54,57)
62.7	68.2	[60,63)
27	25.2	[27,30)
60.5	70.1	[60,63)
53	57.4	[51,54)
37.9	41.2	[36,39)
58.9	64.1	[57,60)
44.5	46.8	[42,45)
48.4	48.7	[48,51)
49	53.2	[48,51)
35.5	45.5	[33,36)
56.1	49.3	[54,57)
70	75.2	[69,72)
36.8	32.9	[36,39)
40.2	43.7	[39,42)
43.8	35.8	[42,45)
22.8	33.8	[21,24)
43.7	39.5	[42,45)
45.1	38	[45,48)
37.5	50.8	[36,39)
80.1	77.8	[78,81)
51.9	49.3	[51,54)
26.9	31.7	[24,27)
60	58.5	[60,63)
37.8	36.8	[36,39)
60.5	50.5	[60,63)
72.3	75.3	[72,75)
61.3	67.2	[60,63)
51.1	43.7	[51,54)
64.7	72.8	[63,66)
58.3	51.7	[57,60)
68.8	60.1	[66,69)
40.1	27.1	[39,42)
38.1	35.4	[36,39)
44.8	43	[42,45)
43.3	48.3	[42,45)
60.1	63.8	[60,63)
52.7	48.7	[51,54)
38.8	58.9	[36,39)
75	68.2	[75,78)
40	35.8	[39,42)
34.1	36.8	[33,36)
36.6	39.4	[36,39)
57	57.7	[57,60)
18.7	21.8	[18,21)
60	55.9	[60,63)
37.1	41.7	[36,39)
63.4	69.7	[63,66)
40.4	31.4	[39,42)
53.7	52.3	[51,54)
47.6	40.3	[45,48)
42.1	42.7	[42,45)
77.6	76.9	[75,78)
50.2	53.5	[48,51)
54.9	48.9	[54,57)
72.1	66.3	[72,75)
60.5	49.1	[60,63)
72.9	74.6	[72,75)
42.4	36.9	[42,45)
49.9	50.5	[48,51)
44.1	54.1	[42,45)
34.2	41.4	[33,36)
31.6	32.2	[30,33)
50.2	40.8	[48,51)
29.5	35.5	[27,30)
63.5	72.5	[63,66)
40.5	41	[39,42)
74.1	70.5	[72,75)
45.8	45.4	[45,48)
38	32.8	[36,39)
54	48.3	[54,57)
35.7	32.2	[33,36)
18.2	28.7	[18,21)
44.4	45.2	[42,45)
70.4	71.8	[69,72)
50.7	49.7	[48,51)
50	52.3	[48,51)
48.5	46.6	[48,51)
70.6	72.8	[69,72)
39.5	38.2	[39,42)
41.8	45.1	[39,42)
45.6	48.1	[45,48)
46.5	52	[45,48)
54.2	58.3	[54,57)
21.2	25.9	[21,24)
37.5	36.3	[36,39)
29.3	30.6	[27,30)
38.4	40.6	[36,39)
46.6	43.2	[45,48)
64.8	62.9	[63,66)
56.9	64.3	[54,57)
40.9	60.2	[39,42)
49.9	47	[48,51)
33.8	38.5	[33,36)
72.4	63.8	[72,75)
45.3	48.3	[45,48)
61.4	58.9	[60,63)
72.4	64.5	[72,75)
48.3	51.7	[48,51)
41.9	36.9	[39,42)
61.6	62.3	[60,63)
69.7	72.9	[69,72)
71.9	66.3	[69,72)
61.9	65.6	[60,63)
32.6	28.9	[30,33)
46.1	42.5	[45,48)
27.4	34.9	[27,30)
50.5	53.7	[48,51)
49.8	51.4	[48,51)
66.9	66.3	[66,69)
50.3	50.3	[48,51)
79.8	71.9	[78,81)
50.3	54.3	[48,51)
54.4	52.9	[54,57)
66.7	63.3	[66,69)
43.7	49.1	[42,45)
58.5	62.1	[57,60)
67	71.2	[66,69)
49.5	48.2	[48,51)
74.6	64.1	[72,75)
50.1	48.4	[48,51)
69.3	66.5	[69,72)
46.4	54.7	[45,48)
54.9	53.5	[54,57)
18	25.4	[18,21)
62	73.2	[60,63)
71.9	76.3	[69,72)
42.5	39.8	[42,45)
70.7	65.9	[69,72)
33	30.3	[33,36)
22	22.6	[21,24)
54.7	51.1	[54,57)
58.2	68.5	[57,60)
40.6	41.5	[39,42)
29	32.4	[27,30)
58.8	63.5	[57,60)
44.7	49.5	[42,45)
24.9	27.8	[24,27)
60.1	55.7	[60,63)
57.6	69.1	[57,60)
27.2	34.7	[27,30)
40.5	42.9	[39,42)
57.5	52.6	[57,60)
47.8	51.8	[45,48)
45.9	33.8	[45,48)
44.1	37.9	[42,45)
58.4	51.8	[57,60)
54.6	59.6	[54,57)
48.4	50.6	[48,51)
64.8	72.8	[63,66)
73.3	76.1	[72,75)
23.4	28.3	[21,24)
64.4	68.4	[63,66)
24.7	29.1	[24,27)
54	38.5	[54,57)
31	31.4	[30,33)
34.8	34.6	[33,36)
64.9	67.2	[63,66)
68.9	64.3	[66,69)
52.7	50.3	[51,54)
26.8	31.6	[24,27)
53.1	50.4	[51,54)
49.4	55.3	[48,51)
72.4	77	[72,75)
33.6	33.2	[33,36)
58	64.9	[57,60)
33.4	33.9	[33,36)
54.8	63	[54,57)
47.1	48.7	[45,48)
76.1	66.7	[75,78)
69.9	69.7	[69,72)
65.1	57.2	[63,66)
58.2	53.4	[57,60)
37.6	38.4	[36,39)
26.7	29	[24,27)
56.4	54	[54,57)
55	44.1	[54,57)
79.9	75.1	[78,81)
46	49.4	[45,48)
69.5	70.8	[69,72)
51.2	42.4	[51,54)
71.5	69.7	[69,72)
35.1	40.5	[33,36)
23.4	23.9	[21,24)
34.8	36.9	[33,36)
51.7	52.1	[51,54)
61.3	61.9	[60,63)
67	62.5	[66,69)
26.8	28	[24,27)
73.2	71.8	[72,75)
28	26	[27,30)
33.9	37.3	[33,36)
58.7	65.7	[57,60)
72.7	70.6	[72,75)
78	77.1	[78,81)
57.4	48.7	[57,60)
72.2	71.2	[72,75)
65.2	69.1	[63,66)
65.2	75.8	[63,66)
18	30.3	[18,21)
66.1	74.1	[66,69)
33.2	30.2	[33,36)
66.8	69.8	[66,69)
69.6	68.8	[69,72)
32.1	31	[30,33)
43.9	40	[42,45)
56.7	58	[54,57)
60	60.6	[60,63)
31.9	38.5	[30,33)
74.2	75.7	[72,75)
64.9	76.5	[63,66)
35.3	34.8	[33,36)
67	76.9	[66,69)
76	69.1	[75,78)
37	42.7	[36,39)
65.1	61.9	[63,66)
43.7	38.6	[42,45)
60.5	34.9	[60,63)
45.8	44.6	[45,48)
42.8	47	[42,45)
51.9	53.2	[51,54)
56.2	58	[54,57)
48.3	44.3	[48,51)
54.6	50.1	[54,57)
29.9	36.8	[27,30)
50.9	53.8	[48,51)
34.4	33.7	[33,36)
66.8	65.3	[66,69)
63.7	63	[63,66)
50.1	57.3	[48,51)
61.3	55.4	[60,63)
58.6	55.3	[57,60)
30.7	35.8	[30,33)
37.9	39.1	[36,39)
69.6	69.3	[69,72)
71.7	68.5	[69,72)
57.7	48.9	[57,60)
45.7	41.2	[45,48)
50.8	56.7	[48,51)
45.7	39.8	[45,48)
29.1	26.6	[27,30)
30.9	35.4	[30,33)
48.3	47.5	[48,51)
83.8	72.3	[81,84)
50.8	43.8	[48,51)
21.3	26.9	[21,24)
44.4	45.2	[42,45)
41.8	39.4	[39,42)
52.1	47.8	[51,54)
50.3	52.2	[48,51)
46.9	45.9	[45,48)
59.7	64.7	[57,60)
53.1	53.3	[51,54)
30.4	32.8	[30,33)
60.8	73.3	[60,63)
50.1	53	[48,51)
63.3	69.1	[63,66)
52.7	49.9	[51,54)
50.6	47.5	[48,51)
76.4	73.2	[75,78)
59.5	67	[57,60)
49.2	50.9	[48,51)
53.6	43.2	[51,54)
22.6	25.7	[21,24)
63.3	74.1	[63,66)
67.6	55.7	[66,69)
28	32.2	[27,30)
34.5	36.2	[33,36)
65.1	69.3	[63,66)
68.4	71.9	[66,69)
41.5	43.9	[39,42)
74.2	63.3	[72,75)
71.9	77.4	[69,72)
71.3	65.2	[69,72)
41.8	41.8	[39,42)
41.6	40.1	[39,42)
75.6	72.9	[75,78)
68.5	70.2	[66,69)
55.1	54.8	[54,57)
33.9	36	[33,36)
57.6	56.1	[57,60)
31.9	42.3	[30,33)
70.4	74.4	[69,72)
54.8	65	[54,57)
56.7	48.6	[54,57)
63.1	70.8	[63,66)
32.1	35.6	[30,33)
49.4	46.6	[48,51)
64	70.1	[63,66)
62.7	73.1	[60,63)
55.2	52.5	[54,57)
57	57.2	[57,60)
61.8	55.2	[60,63)
38.7	33.2	[36,39)
57.1	55.5	[57,60)
28	33.6	[27,30)
40.8	39.7	[39,42)
19.6	25.3	[18,21)
43.7	46.2	[42,45)
67.5	58.1	[66,69)
70.2	72	[69,72)
69.2	66.4	[69,72)
51.8	40.2	[51,54)
41.3	38.8	[39,42)
48.6	52.8	[48,51)
66.3	60.4	[66,69)
37.2	35.4	[36,39)
41.9	48.9	[39,42)
34.5	28.4	[33,36)
60.6	68	[60,63)
64.9	66.6	[63,66)
45.1	46.6	[45,48)
70.7	70	[69,72)
62	56.8	[60,63)
56.4	63.2	[54,57)
77.9	72.9	[75,78)
30.3	32.1	[30,33)
56.4	51.1	[54,57)
48.5	42.5	[48,51)
54.8	42.7	[54,57)
29.5	31	[27,30)
62.7	76.2	[60,63)
67.4	70.5	[66,69)
31.1	41.4	[30,33)
28.1	24	[27,30)
52.5	63.9	[51,54)
44.4	45.5	[42,45)
37.2	40.6	[36,39)
46.5	44.5	[45,48)
75.5	75	[75,78)
72.5	81.2	[72,75)
56.8	59.5	[54,57)
56.2	49.5	[54,57)
70.6	72.1	[69,72)
70.3	72.8	[69,72)
36.2	36.2	[36,39)
45.4	43.7	[45,48)
36.7	36.5	[36,39)
67.4	62.5	[66,69)
38.8	32.3	[36,39)
25.2	26.3	[24,27)
60.4	64.1	[60,63)
50.8	50	[48,51)
69.3	70.5	[69,72)
71.5	77.5	[69,72)
28.3	27.4	[27,30)
34.5	38.1	[33,36)
52.2	43.2	[51,54)
40.8	40.8	[39,42)
70.1	65.5	[69,72)
55.7	55.7	[54,57)
62.7	60.8	[60,63)
46.8	47.4	[45,48)
68	68.1	[66,69)
52.3	50.7	[51,54)
54.1	49.3	[54,57)
42.8	38.2	[42,45)
37.6	37.1	[36,39)
43	54.6	[42,45)
64	53.7	[63,66)
57.7	64.5	[57,60)
44.6	50.9	[42,45)
32.9	34.4	[30,33)
44.1	51.4	[42,45)
29.2	31.6	[27,30)
56.8	61.6	[54,57)
64.7	66.1	[63,66)
35.9	36.8	[33,36)
27.8	38.2	[27,30)
66	70.9	[66,69)
70.3	76.6	[69,72)
31.5	28.9	[30,33)
65	68.2	[63,66)
63.6	62.2	[63,66)
27.2	39	[27,30)
61.4	62.3	[60,63)
75.5	73	[75,78)
62.4	62.9	[60,63)
62.3	57.2	[60,63)
32.9	35.3	[30,33)
64.6	73.2	[63,66)
36.9	43.9	[36,39)
57.6	53.1	[57,60)
22.4	39.1	[21,24)
53.1	53.3	[51,54)
41.6	49.9	[39,42)
46	50.9	[45,48)
63.6	63.8	[63,66)
50.2	47.5	[48,51)
36.4	40.6	[36,39)
69.8	71.6	[69,72)
71.7	70.4	[69,72)
62.6	74.5	[60,63)
47.3	42.5	[45,48)
75.7	71.1	[75,78)
52.6	52.2	[51,54)
48.4	53	[48,51)
54	55.6	[54,57)
63.3	68.4	[63,66)
44	50.1	[42,45)
63.7	72.2	[63,66)
53.1	48	[51,54)
73.8	74.6	[72,75)
69.3	69.7	[69,72)
33.5	36.3	[33,36)
60.4	67.8	[60,63)
67.7	71.6	[66,69)
60.5	64.5	[60,63)
56.7	57.6	[54,57)
48.7	50.4	[48,51)
53.7	55.8	[51,54)
48.2	52.1	[48,51)
75.3	76.1	[75,78)
44.1	48.6	[42,45)
67.2	69.5	[66,69)
39.2	38.2	[39,42)
43.8	47.6	[42,45)
62.8	68	[60,63)
75	69.2	[75,78)
48.7	59.2	[48,51)
34.8	34.8	[33,36)
74.3	70.1	[72,75)
52.3	47.5	[51,54)
65.7	65.4	[63,66)
54.4	42.5	[54,57)
51.2	54.4	[51,54)
54.3	55.2	[54,57)
63.4	60.2	[63,66)
63.8	69.9	[63,66)
52.4	40	[51,54)
52.5	40.4	[51,54)
76	71.3	[75,78)
33.7	28.4	[33,36)
43.1	40	[42,45)
73.8	71.4	[72,75)
55.4	52.7	[54,57)
57.7	67.1	[57,60)
42.9	52.4	[42,45)
29.5	36.3	[27,30)
28.6	36.8	[27,30)
44.1	48.7	[42,45)
30.9	30	[30,33)
29	32.7	[27,30)
32.3	33.4	[30,33)
46.6	42	[45,48)
72.4	71.2	[72,75)
45.7	42.1	[45,48)
42.8	46.2	[42,45)
24.2	31.5	[24,27)
44.4	40.2	[42,45)
59	49.6	[57,60)
68.2	71.5	[66,69)
63.3	67	[63,66)
41.6	45.6	[39,42)
28.4	29	[27,30)
34.5	33.7	[33,36)
73	69.2	[72,75)
52.3	54.6	[51,54)
35.6	34.7	[33,36)
52.8	56.2	[51,54)
46.6	42.5	[45,48)
71.2	66.1	[69,72)
51.7	33.6	[51,54)
67.5	70.5	[66,69)
63.9	65.1	[63,66)
41.2	36.5	[39,42)
71	64.8	[69,72)
31.7	33.7	[30,33)
48.9	55.9	[48,51)
50.5	52.1	[48,51)
41.2	45.3	[39,42)
54.5	52.3	[54,57)
22.8	22.4	[21,24)
36.8	29.7	[36,39)
77.1	69.9	[75,78)
50.9	51.1	[48,51)
53.4	47.8	[51,54)
57	64.6	[57,60)
70.6	72.5	[69,72)
63.8	65.1	[63,66)
54.9	59.1	[54,57)
52.5	45.7	[51,54)
62.5	54.1	[60,63)
63.8	51.8	[63,66)
42.5	43.2	[42,45)
39.1	38.3	[39,42)
48.5	52.6	[48,51)
71.5	70.8	[69,72)
65.6	54.7	[63,66)
43.1	33.1	[42,45)
27.5	29.5	[27,30)
57.3	52.9	[57,60)
72.2	69.9	[72,75)
48.3	44.7	[48,51)
64.4	53.6	[63,66)
32.8	35.3	[30,33)
28	33.6	[27,30)
51.6	53.8	[51,54)
75.3	69.7	[75,78)
66.4	56.1	[66,69)
50.1	49.2	[48,51)
58.3	63.8	[57,60)
35.2	40.2	[33,36)
53.7	51.4	[51,54)
45.4	46.8	[45,48)
58.3	53	[57,60)
37.9	46.6	[36,39)
56.1	49	[54,57)
66.6	64.8	[66,69)
76.8	73.4	[75,78)
69.6	75.8	[69,72)
46.5	49.4	[45,48)
37	35.1	[36,39)
76.8	79.3	[75,78)
71.1	70.5	[69,72)
71.3	73.2	[69,72)
55.1	51.8	[54,57)
45.2	43.8	[45,48)
32.5	31.3	[30,33)
78.4	77.7	[78,81)
38.8	32.6	[36,39)
42.6	40.9	[42,45)
47.9	44.2	[45,48)
42.9	37.9	[42,45)
48.8	50.8	[48,51)
48.7	53	[48,51)
73.1	63.5	[72,75)
66.4	63.7	[66,69)
47.5	36.8	[45,48)
58.4	50.2	[57,60)
65.6	70.4	[63,66)
60.3	59	[60,63)
67.1	72.3	[66,69)
44.4	39.8	[42,45)
70.3	75.5	[69,72)
55.8	51.4	[54,57)
57.4	51.6	[57,60)
33.7	32.6	[33,36)
59.9	60.8	[57,60)
55.4	60.2	[54,57)
45.7	49.3	[45,48)
46.9	52.5	[45,48)
67.4	69.2	[66,69)
30.1	33.3	[30,33)
72.3	70.8	[72,75)
73	69.1	[72,75)
67.5	70.6	[66,69)
23.9	27.4	[21,24)
28.9	27.7	[27,30)
47.6	47.2	[45,48)
79.2	70.8	[78,81)
71.3	69.9	[69,72)
38.5	45.2	[36,39)
50.1	51.8	[48,51)
31.7	31.3	[30,33)
64.5	77	[63,66)
50.8	47.5	[48,51)
35.8	45.5	[33,36)
36.6	42.1	[36,39)
25.5	24.9	[24,27)
59.8	56.8	[57,60)
26.1	28.8	[24,27)
63.7	69.2	[63,66)
71.2	73.1	[69,72)
65.3	66.7	[63,66)
40.7	46.2	[39,42)
29.3	28.9	[27,30)
22	30.9	[21,24)
61.8	60.1	[60,63)
66.3	71	[66,69)
63.3	58.1	[63,66)
34.9	41.4	[33,36)
53.1	52.2	[51,54)
50.2	57	[48,51)
48.3	48.4	[48,51)
52.8	52.9	[51,54)
55.4	59.1	[54,57)
48.8	54.3	[48,51)
50.9	51.1	[48,51)
81.4	74.6	[81,84)
57.5	62.6	[57,60)
61.9	69.9	[60,63)
35.3	34	[33,36)
59.4	69.9	[57,60)
52.6	52.3	[51,54)
59.3	57.4	[57,60)
24.1	24.3	[24,27)
51.4	49.3	[51,54)
43.9	39.9	[42,45)
75.2	70.8	[75,78)
58.9	55.7	[57,60)
71.8	82.3	[69,72)
46.3	46	[45,48)
24.5	27.7	[24,27)
70.9	71.4	[69,72)
50.1	47.7	[48,51)
28.2	32.2	[27,30)
33.2	36	[33,36)
66.9	76.9	[66,69)
60.2	59.8	[60,63)
30.9	34.9	[30,33)
73.8	68.9	[72,75)
64.1	69.1	[63,66)
34.8	43.3	[33,36)
56	55.2	[54,57)
55.5	52.2	[54,57)
64.9	73.7	[63,66)
45.9	49.3	[45,48)
55.4	48.3	[54,57)
31.2	40.8	[30,33)
35.8	33.9	[33,36)
67.2	71	[66,69)
70.7	68.8	[69,72)
45.6	52.6	[45,48)
51.6	55.7	[51,54)
46.2	48.9	[45,48)
52.1	47.4	[51,54)
66.8	62.6	[66,69)
50.3	52.2	[48,51)
58.5	59.7	[57,60)
61.3	65.7	[60,63)
50.1	49.1	[48,51)
37.4	31.5	[36,39)
25.7	30.8	[24,27)
61	67.7	[60,63)
48.9	49.2	[48,51)
33.9	33	[33,36)
45.1	37.4	[45,48)
75.6	75	[75,78)
41.8	49.4	[39,42)
46.9	40.2	[45,48)
49	58.7	[48,51)
52.4	54.4	[51,54)
74.6	72	[72,75)
52.1	53	[51,54)
52	50.1	[51,54)
77.3	72.1	[75,78)
55.3	55.5	[54,57)
66	50.6	[66,69)
22.3	23	[21,24)
31.1	26.2	[30,33)
38	34.1	[36,39)
40.9	44.1	[39,42)
57.3	57.1	[57,60)
75.8	73.8	[75,78)
42.1	43.8	[42,45)
42.9	46.2	[42,45)
51.6	51.6	[51,54)
41.1	50.2	[39,42)
52.8	52.8	[51,54)
43.8	40.1	[42,45)
35.5	36	[33,36)
50.7	50.2	[48,51)
54.2	61.5	[54,57)
39.5	38.1	[39,42)
47.1	56	[45,48)
51.3	43.3	[51,54)
62.3	64.1	[60,63)
44.7	42.7	[42,45)
61.5	66.1	[60,63)
55.8	69	[54,57)
27.7	38	[27,30)
35.8	33.8	[33,36)
63	70.6	[63,66)
66.7	73.2	[66,69)
40.9	47.1	[39,42)
55	55.1	[54,57)
62.2	54.7	[60,63)
68.4	69.5	[66,69)
54.2	54.7	[54,57)
49.3	48	[48,51)
56.8	67.2	[54,57)
53	53.1	[51,54)
67.8	67.4	[66,69)
45.7	39.6	[45,48)
53.7	66.9	[51,54)
74.4	73.5	[72,75)
47.5	47.2	[45,48)
78.8	70.6	[78,81)
70	70.1	[69,72)
42.5	33.9	[42,45)
67.5	67.9	[66,69)
23.7	32.7	[21,24)
59.9	61.9	[57,60)
38.4	42.2	[36,39)
52.4	52.2	[51,54)
75.4	75.8	[75,78)
50.3	42	[48,51)
32	29.3	[30,33)
67.5	72.2	[66,69)
52.7	63.7	[51,54)
31	31.3	[30,33)
43.2	46	[42,45)
67.3	68.5	[66,69)
63.2	58.4	[63,66)
66.5	64.5	[66,69)
50	46.2	[48,51)
74.6	70.6	[72,75)
60	61.3	[60,63)
69.9	61.2	[69,72)
31	34.6	[30,33)
62	57.9	[60,63)
59.2	56.2	[57,60)
62.8	60.9	[60,63)
56.7	53.3	[54,57)
51.8	44	[51,54)
40	33.8	[39,42)
37.4	44.2	[36,39)
69.3	75.6	[69,72)
61	59.8	[60,63)
81.4	80.3	[81,84)
49.5	54	[48,51)
50.8	42.1	[48,51)
65.5	65	[63,66)
47.7	48.6	[45,48)
64.7	66.5	[63,66)
40.4	41.7	[39,42)
44.3	34.9	[42,45)
41.4	28.1	[39,42)
63.2	71.6	[63,66)
74.9	70.3	[72,75)
72.5	71.3	[72,75)
60.9	60.9	[60,63)
73	75.6	[72,75)
47.9	41	[45,48)
59.2	71	[57,60)
69.1	74.6	[69,72)
53.6	48.4	[51,54)
63.1	71.8	[63,66)
40.5	35.4	[39,42)
33.7	27.3	[33,36)
48.4	49	[48,51)
37.8	45.1	[36,39)
56.1	52.8	[54,57)
64.6	69.8	[63,66)
53.9	46.8	[51,54)
51.2	50.5	[51,54)
45.7	50.1	[45,48)
62.8	67.7	[60,63)
64.7	76.1	[63,66)
32.4	39.7	[30,33)
42.5	32.8	[42,45)
46.2	41.3	[45,48)
41.2	44.5	[39,42)
49.2	62.9	[48,51)
72.3	73.4	[72,75)
61.5	52.5	[60,63)
48.4	51.2	[48,51)
63.9	48.5	[63,66)
44.6	43.8	[42,45)
68.5	71.9	[66,69)
77	75.6	[75,78)
69.8	66.3	[69,72)
68.1	67.5	[66,69)
36.8	36	[36,39)
52.8	44.9	[51,54)
51.3	44.3	[51,54)
60.9	44.1	[60,63)
44.5	38	[42,45)
72.5	69.6	[72,75)
66.6	65.5	[66,69)
73.3	78.9	[72,75)
55.5	54	[54,57)
65.5	65	[63,66)
73.3	70.2	[72,75)
21	23	[21,24)
42.7	38.1	[42,45)
45.2	50.1	[45,48)
50.8	51.3	[48,51)
38.6	42.1	[36,39)
36.1	34.5	[36,39)
44.9	39.1	[42,45)
75.9	68.1	[75,78)
44.8	43.3	[42,45)
63.4	73.4	[63,66)
44.3	43.6	[42,45)
49.6	45.7	[48,51)
33.4	30.1	[33,36)
46.7	49.1	[45,48)
48.3	51	[48,51)
72.7	68.7	[72,75)
47.2	42.1	[45,48)
56.9	55.9	[54,57)
54.7	52.6	[54,57)
53.7	51.4	[51,54)
53.4	54.7	[51,54)
49.9	62.4	[48,51)
63.7	59.5	[63,66)
75.9	71.3	[75,78)
64.4	70.2	[63,66)
55.7	59.8	[54,57)
74.2	79	[72,75)
47.8	48.1	[45,48)
66.4	69.4	[66,69)
35.9	38	[33,36)
68.2	68.5	[66,69)
50.5	50.8	[48,51)
54.2	67	[54,57)
41.4	58	[39,42)
51.2	39.1	[51,54)
73.5	76.9	[72,75)
26.6	25.9	[24,27)
48.1	45.5	[48,51)
67.6	70.6	[66,69)
68.2	75.9	[66,69)
62.8	50.5	[60,63)
61.3	54.8	[60,63)
56.5	51.2	[54,57)
66.6	75.4	[66,69)
32.5	28.1	[30,33)
73.3	76.9	[72,75)
61.7	60.9	[60,63)
69.5	65.1	[69,72)
50.6	48.8	[48,51)
75	73.2	[75,78)
37.5	30.6	[36,39)
77.9	69.9	[75,78)
47.7	50.1	[45,48)
57.2	61.1	[57,60)
36.8	35.1	[36,39)
59.3	62.5	[57,60)
53.1	62.4	[51,54)
63	58.2	[63,66)
70.6	68.2	[69,72)
67.9	72.7	[66,69)
53.8	43.6	[51,54)
44.5	50.2	[42,45)
42.1	45.2	[42,45)
31	30.2	[30,33)
49.8	50.5	[48,51)
64.6	67.2	[63,66)
35.5	35.3	[33,36)
38.1	29.7	[36,39)
50.9	47.4	[48,51)
45.6	54	[45,48)
64.5	67.2	[63,66)
55.2	58.3	[54,57)
55.4	53.2	[54,57)
30.7	34.7	[30,33)
36.8	29.1	[36,39)
55.7	60.7	[54,57)
68	74.3	[66,69)
65.6	74.8	[63,66)
73.1	69.1	[72,75)
51.3	43.2	[51,54)
45.1	47.2	[45,48)
30.2	27.4	[30,33)
71.3	80.2	[69,72)
48.7	50.5	[48,51)
37.8	35.7	[36,39)
66.6	72.6	[66,69)
55	62.7	[54,57)
62	68.4	[60,63)
37.8	66.3	[36,39)
23	21.3	[21,24)
33.7	30.5	[33,36)
51.2	51.7	[51,54)
56.8	61.8	[54,57)
61.7	57	[60,63)
62.5	66.7	[60,63)
53.5	50.2	[51,54)
58.6	60.7	[57,60)
51.7	56.6	[51,54)
54.7	51.6	[54,57)
64	69.3	[63,66)
34.9	32.4	[33,36)
48.5	48.5	[48,51)
44.9	34.1	[42,45)
54.1	50.2	[54,57)
72.4	73.5	[72,75)
39.3	41.2	[39,42)
39.7	46.8	[39,42)
29.9	34.1	[27,30)
40.9	39.6	[39,42)
37.8	35.1	[36,39)
83.1	76.5	[81,84)
64.3	67.6	[63,66)
41.9	50.4	[39,42)
52.6	55.7	[51,54)
32.3	28.8	[30,33)
33.2	43.6	[33,36)
50.4	49.5	[48,51)
47.8	46.9	[45,48)
45.9	47.8	[45,48)
69.6	68.8	[69,72)
69.4	71.7	[69,72)
25.6	29.5	[24,27)
54.6	61.8	[54,57)
54.2	62.7	[54,57)
74.4	75.8	[72,75)
58.7	54.7	[57,60)
57.9	55.4	[57,60)
68.9	79.2	[66,69)
18.2	21	[18,21)
30.8	23.4	[30,33)
69.5	69.7	[69,72)
45.7	41.6	[45,48)
73.7	73.3	[72,75)
44	34.5	[42,45)
38.4	40.6	[36,39)
46.7	35.5	[45,48)
51.6	45.5	[51,54)
76.4	70.3	[75,78)
43.9	43.3	[42,45)
66.7	70.5	[66,69)
41.1	33.9	[39,42)
58.1	61.4	[57,60)
37.8	39	[36,39)
74.2	73.1	[72,75)
75.2	70.3	[75,78)
39.3	39.7	[39,42)
53.2	42.4	[51,54)
39.1	34.9	[39,42)
52	53.8	[51,54)
71	69.2	[69,72)
72	74.1	[72,75)
70.5	74.7	[69,72)
73	68.2	[72,75)
52.1	55.7	[51,54)
63.5	60.7	[63,66)
67.5	72.3	[66,69)
41.7	36.3	[39,42)
47.9	58.3	[45,48)
56.7	54.5	[54,57)
64.2	71.8	[63,66)
72.3	68.2	[72,75)
45.1	35.4	[45,48)
68.8	68.3	[66,69)
50.8	61	[48,51)
38.1	45	[36,39)
30	35.1	[30,33)
57.6	51.8	[57,60)
42.7	38.5	[42,45)
50.8	53.2	[48,51)
65.3	61.9	[63,66)
54.7	61.9	[54,57)
38	45.2	[36,39)
72.7	70.9	[72,75)
70.6	74.1	[69,72)
27.1	27	[27,30)
65.6	67.1	[63,66)
75.4	72.1	[75,78)
70.2	70.4	[69,72)
30.4	34.8	[30,33)
47.1	38.3	[45,48)
66	67.4	[66,69)
33.6	33.2	[33,36)
47.3	50.7	[45,48)
62.7	62.6	[60,63)
44.7	39.3	[42,45)
37.3	47.2	[36,39)
70.9	60.2	[69,72)
63	69.2	[63,66)
26.3	24.6	[24,27)
69.9	70.3	[69,72)
44.5	47.8	[42,45)
77.9	73.4	[75,78)
43.2	41.3	[42,45)
29.6	35.5	[27,30)
38.6	32.4	[36,39)
34.4	30.5	[33,36)
46.5	50.9	[45,48)
46	52.5	[45,48)
37.4	34.8	[36,39)
65.4	68.5	[63,66)
48.9	50.8	[48,51)
56.7	52.3	[54,57)
78.4	72.8	[78,81)
54	49.6	[54,57)
66.9	73	[66,69)
46.7	42.3	[45,48)
59.5	65.1	[57,60)
34.4	43.2	[33,36)
63.2	70.5	[63,66)
70.9	69.7	[69,72)
51.1	49.4	[51,54)
41.8	39.7	[39,42)
39.6	49.7	[39,42)
70	70.7	[69,72)
56.2	51.2	[54,57)
41.3	41.9	[39,42)
42.5	48.2	[42,45)
70.5	76.5	[69,72)
79.8	65.1	[78,81)
47.1	50.8	[45,48)
32.4	38.6	[30,33)
49.2	55.8	[48,51)
59.2	65.2	[57,60)
65.4	74	[63,66)
64.5	57.4	[63,66)
62.2	58.1	[60,63)
40.2	44.9	[39,42)
74.5	71.2	[72,75)
44.7	43	[42,45)
34.7	24.2	[33,36)
54.5	52	[54,57)
51.4	54.7	[51,54)
53.2	46.7	[51,54)
70.4	70.9	[69,72)
32.1	30	[30,33)
48.8	47.8	[48,51)
48.7	53.3	[48,51)
31.4	33.6	[30,33)
33	41.1	[33,36)
74.4	73.1	[72,75)
34.6	44.5	[33,36)
46.5	48.9	[45,48)
71.6	75.2	[69,72)
64.6	70.7	[63,66)
82.3	72	[81,84)
68.5	69.6	[66,69)
34.4	42.2	[33,36)
73.9	71	[72,75)
57.6	60.3	[57,60)
56.5	58.7	[54,57)
57.4	54.4	[57,60)
28.2	29.7	[27,30)
70.9	73.9	[69,72)
58.6	53.8	[57,60)
71.3	74	[69,72)
52.8	54.1	[51,54)
70.5	73	[69,72)
67	69.7	[66,69)
67.9	68.7	[66,69)
77.4	74.4	[75,78)
77.9	74.9	[75,78)
75.7	73.5	[75,78)
77.4	73.6	[75,78)
75.3	67.9	[75,78)
42.4	37	[42,45)
41.8	35.7	[39,42)
37.4	39.7	[36,39)
63.4	60.3	[63,66)
72	73.3	[72,75)
36.8	40.2	[36,39)
63.4	68.6	[63,66)
64.9	56.9	[63,66)
29.4	28	[27,30)
74	70.5	[72,75)
66.4	69	[66,69)
51.3	49.6	[51,54)
75.5	70.3	[75,78)
41.8	49.9	[39,42)
62.6	58.4	[60,63)
73.6	73.9	[72,75)
50.3	53.1	[48,51)
66.6	67.6	[66,69)
75.2	66.1	[75,78)
59.6	53.8	[57,60)
50.1	50.7	[48,51)
49	45.5	[48,51)
67.2	56.7	[66,69)
63.4	58.3	[63,66)
33.3	35.8	[33,36)
40.7	35.7	[39,42)
56.9	57.4	[54,57)
73.2	69.3	[72,75)
68.8	65.9	[66,69)
56	59.6	[54,57)
52	48	[51,54)
59	60.6	[57,60)
59.6	47.9	[57,60)
39.5	34.9	[39,42)
36	43.5	[36,39)
70.5	75.2	[69,72)
34.2	33.9	[33,36)
66.3	69.2	[66,69)
79.9	80.3	[78,81)
31.1	29.1	[30,33)
67.4	65.6	[66,69)
65	72.4	[63,66)
62.4	55.6	[60,63)
28.8	30	[27,30)
73.3	70.8	[72,75)
65.2	70.2	[63,66)
48.1	43.7	[48,51)
71.2	69.7	[69,72)
49.4	52	[48,51)
75.7	70.5	[75,78)
36	43.7	[36,39)
46.4	50.4	[45,48)
50.3	37.2	[48,51)
37	40.2	[36,39)
65.5	66.5	[63,66)
78.4	70.9	[78,81)
23.8	29.7	[21,24)
58.8	49.5	[57,60)
68.7	68	[66,69)
72.2	64.2	[72,75)
66.6	71.6	[66,69)
29.2	31.6	[27,30)
52.3	47.4	[51,54)
36.3	48.4	[36,39)
48.7	50	[48,51)
36.3	32.3	[36,39)
66.6	70.2	[66,69)
36.4	40.7	[36,39)
58.7	67.1	[57,60)
37.1	32.2	[36,39)
45	42.7	[45,48)
37.2	35.4	[36,39)
38.8	37.3	[36,39)
25.1	21.4	[24,27)
64.1	56.1	[63,66)
45.2	43	[45,48)
60.8	65	[60,63)
52.1	52.6	[51,54)
41	41	[39,42)
42.2	40.2	[42,45)
73.2	68.1	[72,75)
27	36.2	[27,30)
53.9	50.4	[51,54)
72.8	74	[72,75)
71.4	74	[69,72)
43.3	52.4	[42,45)
36.1	35.3	[36,39)
76.1	71.6	[75,78)
37.5	30.9	[36,39)
49.5	42.1	[48,51)
67.2	72.6	[66,69)
52.5	53.4	[51,54)
40.3	42.6	[39,42)
63.9	55.2	[63,66)
74.7	73.1	[72,75)
24.9	30.1	[24,27)
47.1	46.4	[45,48)
49.7	53.4	[48,51)
45.5	45.8	[45,48)
40.6	38.9	[39,42)
48.2	53.6	[48,51)
40	36	[39,42)
76	70.7	[75,78)
42.2	44.1	[42,45)
76.2	73.9	[75,78)
18.2	22.2	[18,21)
69.4	76.1	[69,72)
59	61	[57,60)
32	37.2	[30,33)
65.4	64.8	[63,66)
49.1	55.1	[48,51)
37.3	39.1	[36,39)
63.7	71.8	[63,66)
70.1	68.4	[69,72)
35.2	35.5	[33,36)
58.8	62.1	[57,60)
55.3	54.2	[54,57)
34.2	42.5	[33,36)
64.8	63.5	[63,66)
77.6	75.6	[75,78)
67.4	70.8	[66,69)
67.8	64.7	[66,69)
36.4	39.6	[36,39)
68.9	72	[66,69)
65	75.3	[63,66)
63.8	69.7	[63,66)
43.1	37.1	[42,45)
70.9	70	[69,72)
55.7	68.4	[54,57)
69.4	70.3	[69,72)
45	50.1	[45,48)
69.9	66.5	[69,72)
67.3	67.4	[66,69)
48.6	50.4	[48,51)
57.2	59.7	[57,60)
52.1	45.4	[51,54)
36.4	40.3	[36,39)
70.4	73.7	[69,72)
43.2	42.5	[42,45)
49.9	52	[48,51)
62.5	68.1	[60,63)
58.7	54.4	[57,60)
57	50	[57,60)
40.8	31.3	[39,42)
41.8	45.8	[39,42)
41.3	54.4	[39,42)
34	34	[33,36)
47.5	34.2	[45,48)
43.5	64.4	[42,45)
58.1	62.6	[57,60)
68	67.9	[66,69)
51.3	48	[51,54)
40.4	48.8	[39,42)
65	64.3	[63,66)
52.4	45.4	[51,54)
38.3	34.7	[36,39)
45.5	45.6	[45,48)
33.5	31.5	[33,36)
54	46.3	[54,57)
36.4	33.8	[36,39)
44.3	38.9	[42,45)
69.7	62.9	[69,72)
50.8	52.8	[48,51)
64.9	67.3	[63,66)
45.1	53	[45,48)
64.2	61.6	[63,66)
36.6	37.6	[36,39)
46.3	50.6	[45,48)
60	65.9	[60,63)
47.9	44.9	[45,48)
27.2	27.6	[27,30)
57.7	49.8	[57,60)
53	69.1	[51,54)
23.3	27	[21,24)
37.5	31.4	[36,39)
43.1	48.1	[42,45)
61	63.4	[60,63)
38.9	41	[36,39)
59.1	73.2	[57,60)
31.3	36.2	[30,33)
44.7	40.8	[42,45)
27.9	24.1	[27,30)
62.6	58.8	[60,63)
35.2	32.3	[33,36)
63.2	64.5	[63,66)
39.7	54	[39,42)
49.9	47.3	[48,51)
42.5	46	[42,45)
39.5	36.5	[39,42)
52.8	46.5	[51,54)
74.4	72	[72,75)
60.1	66.8	[60,63)
33.2	38.3	[33,36)
65.2	65.9	[63,66)
67.7	64.8	[66,69)
71.5	67.2	[69,72)
72.5	69.6	[72,75)
70.5	67.2	[69,72)
46.4	51.8	[45,48)
77.3	73.6	[75,78)
54.7	56.8	[54,57)
63.4	66.1	[63,66)
52.1	52	[51,54)
42.5	37.6	[42,45)
48.2	48.8	[48,51)
59.7	58.4	[57,60)
59	64.5	[57,60)
57.4	50.2	[57,60)
46.1	44	[45,48)
53.2	53.9	[51,54)
64	64.7	[63,66)
28.4	34.7	[27,30)
81.4	68.7	[81,84)
48.7	47.4	[48,51)
63.5	53.6	[63,66)
55.5	59.7	[54,57)
70.2	66.1	[69,72)
75.5	76.5	[75,78)
57.8	61.6	[57,60)
59.6	58.4	[57,60)
48	46.9	[48,51)
36.3	42.4	[36,39)
52.6	49.6	[51,54)
54.9	50.4	[54,57)
33	31.9	[33,36)
44	49.8	[42,45)
24.1	39.2	[24,27)
41.3	52.5	[39,42)
56.6	48.7	[54,57)
37.9	40.3	[36,39)
65.6	67.6	[63,66)
28.2	24.5	[27,30)
28.3	35	[27,30)
50.7	44	[48,51)
28.9	28	[27,30)
56.9	61.9	[54,57)
46.4	47.6	[45,48)
64.7	72	[63,66)
26.6	24.4	[24,27)
36.8	43.1	[36,39)
73.3	78.7	[72,75)
65.1	65.9	[63,66)
56.5	53.2	[54,57)
67.2	76.3	[66,69)
25.1	25.5	[24,27)
66.4	58.8	[66,69)
47.5	52.8	[45,48)
67.9	75.3	[66,69)
70.8	74.4	[69,72)
60.7	66.2	[60,63)
31.3	32	[30,33)
59.6	49.3	[57,60)
53.8	51.1	[51,54)
65.9	73.7	[63,66)
55.3	60.1	[54,57)
47.7	49.4	[45,48)
67.7	66.9	[66,69)
32.9	30.1	[30,33)
57.2	69.1	[57,60)
53.9	64.6	[51,54)
57.3	46.1	[57,60)
26	28.6	[24,27)
53.6	56.6	[51,54)
67.4	72.2	[66,69)
47.5	54	[45,48)
53.3	48.3	[51,54)
31.7	32.9	[30,33)
46.8	50.9	[45,48)
71.3	72.4	[69,72)
69.1	66.4	[69,72)
62.4	64.3	[60,63)
31.7	28.3	[30,33)
54	48.2	[54,57)
69.9	67.8	[69,72)
46.9	42.2	[45,48)
58	50.6	[57,60)
36.8	32.7	[36,39)
55	56.5	[54,57)
71.1	66.6	[69,72)
36.4	34.2	[36,39)
43.4	42	[42,45)
59	61	[57,60)
62.7	70.4	[60,63)
60.8	68.9	[60,63)
76.6	67.2	[75,78)
38.6	42.6	[36,39)
62.1	69.2	[60,63)
52.6	50.1	[51,54)
61.4	59.6	[60,63)
47.3	43.6	[45,48)
60.1	68.8	[60,63)
50.3	42.3	[48,51)
40.8	32.5	[39,42)
37.7	38.4	[36,39)
42.7	40.5	[42,45)
31.2	38.4	[30,33)
61.9	62.4	[60,63)
59.5	61.2	[57,60)
47.5	43.8	[45,48)
68.8	71.2	[66,69)
78.3	72.7	[78,81)
36.7	29.4	[36,39)
51.1	48.9	[51,54)
76.2	71.3	[75,78)
54.2	52.5	[54,57)
18.7	18.8	[18,21)
56.3	51.9	[54,57)
54.8	51.4	[54,57)
52.3	33.3	[51,54)
37.9	45.7	[36,39)
33	35.8	[33,36)
48.8	53.6	[48,51)
70.8	75.8	[69,72)
66.4	66	[66,69)
51.4	54.4	[51,54)
50.1	42.8	[48,51)
29.9	31	[27,30)
57.6	51.8	[57,60)
29.7	28	[27,30)
42.4	45	[42,45)
35.7	40.7	[33,36)
43.9	43.5	[42,45)
61.3	65	[60,63)
82.5	75.8	[81,84)
54.5	53.2	[54,57)
43.7	38.6	[42,45)
52.2	46.1	[51,54)
45.7	52.3	[45,48)
64	68.5	[63,66)
44.1	40.4	[42,45)
45.1	52.1	[45,48)
50.9	57.7	[48,51)
39.3	46.9	[39,42)
42.5	53.6	[42,45)
63.1	69.1	[63,66)
76.4	72.3	[75,78)
32	37.9	[30,33)
42.4	47.3	[42,45)
63	66.5	[63,66)
58.6	55.7	[57,60)
71.3	73.6	[69,72)
64.1	67.3	[63,66)
60.1	63.8	[60,63)
45.3	42.7	[45,48)
62.9	64.2	[60,63)
27.4	32.2	[27,30)
62.9	65.2	[60,63)
67.8	68.9	[66,69)
44	45.7	[42,45)
56.1	51.5	[54,57)
56.6	64.7	[54,57)
55.9	64	[54,57)
42.9	36.3	[42,45)
53.8	55.2	[51,54)
62.7	74.7	[60,63)
33.1	35.2	[33,36)
41.8	48.1	[39,42)
41.6	42.3	[39,42)
75.8	69.4	[75,78)
22.3	23	[21,24)
65.2	73.4	[63,66)
55.3	55	[54,57)
49.8	47.2	[48,51)
28.7	24.6	[27,30)
42.4	48.2	[42,45)
43.2	35	[42,45)
57.8	55.8	[57,60)
53.8	43.3	[51,54)
66.1	71.4	[66,69)
37	36.5	[36,39)
71.4	65.7	[69,72)
48.6	52.7	[48,51)
60.3	61.3	[60,63)
18.7	25.7	[18,21)
53.3	53.3	[51,54)
49.2	46	[48,51)
55.9	68.6	[54,57)
58.8	55.4	[57,60)
71.8	72.4	[69,72)
49.7	54.8	[48,51)
28.8	39.7	[27,30)
33.7	38.3	[33,36)
66.5	66.5	[66,69)
37.5	28.4	[36,39)
26.6	26.9	[24,27)
47.1	42.9	[45,48)
69.3	67.3	[69,72)
39.8	38.1	[39,42)
73.2	74	[72,75)
62	65.9	[60,63)
43.2	36.4	[42,45)
39.5	36.9	[39,42)
46.4	52.3	[45,48)
25.4	23.8	[24,27)
58.5	63.3	[57,60)
47	42.4	[45,48)
70.4	66.8	[69,72)
29.1	29.3	[27,30)
75.7	71.6	[75,78)
66.8	62.3	[66,69)
64.8	71.7	[63,66)
43	44.9	[42,45)
43.6	49.5	[42,45)
52.7	54.9	[51,54)
50	45.1	[48,51)
37.9	38.4	[36,39)
35.6	31.9	[33,36)
72.3	76.9	[72,75)
41.4	41.1	[39,42)
53.9	55.7	[51,54)
24.1	28.9	[24,27)
55.6	60.6	[54,57)
54.8	51	[54,57)
25.4	28	[24,27)
36.5	36.2	[36,39)
54.5	56.8	[54,57)
56.4	66.9	[54,57)
57.7	52.2	[57,60)
46.6	43	[45,48)
56.2	50.2	[54,57)
69.8	73.8	[69,72)
52	55.4	[51,54)
52.1	54	[51,54)
70.4	68.7	[69,72)
75.6	68.6	[75,78)
71.1	72.4	[69,72)
32	32.4	[30,33)
68.5	67.8	[66,69)
50.4	54.2	[48,51)
71.8	73.3	[69,72)
49.6	53.6	[48,51)
60.8	56.1	[60,63)
65.5	58.9	[63,66)
67.4	68.3	[66,69)
65.4	59.1	[63,66)
70.9	71.7	[69,72)
67	67.3	[66,69)
71.4	69.1	[69,72)
71.7	68.2	[69,72)
70.3	62.7	[69,72)
58	53.9	[57,60)
42.2	34.8	[42,45)
42.1	43.8	[42,45)
60.3	67.4	[60,63)
65.1	71.9	[63,66)
48.9	48.7	[48,51)
64.8	69.1	[63,66)
48	51.8	[48,51)
40.1	40.6	[39,42)
83.1	69.5	[81,84)
69.8	60.2	[69,72)
52.9	54.3	[51,54)
45.1	27.5	[45,48)
70.4	79.1	[69,72)
60.2	63	[60,63)
47.2	47.5	[45,48)
49.3	51.6	[48,51)
61.9	54.9	[60,63)
34	32.6	[33,36)
50.4	50.1	[48,51)
44.8	47.4	[42,45)
41.4	46.7	[39,42)
51.3	42.9	[51,54)
34	29.8	[33,36)
63.7	53.4	[63,66)
44.4	40.8	[42,45)
67.8	69.8	[66,69)
52.4	50.6	[51,54)
46.7	37.5	[45,48)
76.7	70.7	[75,78)
66.4	69.7	[66,69)
61.3	60.5	[60,63)
45.7	45.4	[45,48)
41.4	41.6	[39,42)
67.7	70.2	[66,69)
28.7	29.9	[27,30)
30.7	38.9	[30,33)
45.4	40.7	[45,48)
71.8	71.4	[69,72)
