CA	organ_age	Age_group
55.7	57.7	[54,57)
44.2	42	[42,45)
21.6	29.5	[21,24)
35.1	34	[33,36)
35	37	[33,36)
43.7	48.5	[42,45)
28.9	33.6	[27,30)
50.2	52.3	[48,51)
41.1	41.6	[39,42)
38.7	27.4	[36,39)
73.3	72.8	[72,75)
55.8	52.3	[54,57)
57.8	49.1	[57,60)
55.6	46.1	[54,57)
37	32.3	[36,39)
67.5	73.7	[66,69)
68.4	77.8	[66,69)
75.6	71.1	[75,78)
40.6	43.2	[39,42)
51.1	48.6	[51,54)
71	70.7	[69,72)
48.9	48.2	[48,51)
46.2	35.2	[45,48)
41.7	41.3	[39,42)
69.9	70.4	[69,72)
44.5	44	[42,45)
43.2	51.4	[42,45)
33.5	37.4	[33,36)
37.4	36	[36,39)
50	41.3	[48,51)
45.1	49.1	[45,48)
59	53.8	[57,60)
45.7	36.7	[45,48)
67.6	78.5	[66,69)
57.5	66.4	[57,60)
25.3	27.9	[24,27)
40.7	41.7	[39,42)
46.3	49.5	[45,48)
54.7	47.7	[54,57)
66.3	66.9	[66,69)
53	65.3	[51,54)
56.2	50.5	[54,57)
49.6	58.1	[48,51)
50.7	50.4	[48,51)
56.2	56.1	[54,57)
49.1	51.2	[48,51)
77.9	69.4	[75,78)
70.3	70.3	[69,72)
35.1	39.9	[33,36)
53.1	54.3	[51,54)
48	52.8	[48,51)
33.6	33	[33,36)
42.8	38.8	[42,45)
31.3	34.7	[30,33)
49.5	49.3	[48,51)
37.9	42.9	[36,39)
35.7	39.4	[33,36)
65.4	61.1	[63,66)
50.7	54	[48,51)
67.8	75.7	[66,69)
52.3	47.9	[51,54)
67.6	65.9	[66,69)
50.1	50.1	[48,51)
55.4	50.2	[54,57)
46	42.6	[45,48)
74.7	70.4	[72,75)
60.6	55.9	[60,63)
68.3	47.8	[66,69)
65.9	64.7	[63,66)
49.4	50.4	[48,51)
42	40.7	[42,45)
32.4	24	[30,33)
61.6	66.2	[60,63)
25.4	34.6	[24,27)
46.4	46.4	[45,48)
64.3	65.8	[63,66)
41.4	42.5	[39,42)
34.2	37.5	[33,36)
69.4	74.7	[69,72)
75.9	70.2	[75,78)
33	28.7	[33,36)
71.6	75.7	[69,72)
60.2	67.6	[60,63)
71.1	70.6	[69,72)
54.6	61.5	[54,57)
33.9	33.6	[33,36)
28.5	32.4	[27,30)
71.3	70.2	[69,72)
30.2	32.4	[30,33)
46.6	48.9	[45,48)
58.7	56	[57,60)
70.7	73.6	[69,72)
36.7	42.4	[36,39)
55.2	58.6	[54,57)
66.6	70.7	[66,69)
34.4	38.3	[33,36)
52.9	53.2	[51,54)
78.3	68.9	[78,81)
58.5	52.5	[57,60)
64.4	59.5	[63,66)
70	76.4	[69,72)
77.5	76.1	[75,78)
56.4	49.6	[54,57)
54.7	49.7	[54,57)
44.2	41	[42,45)
60.9	55.7	[60,63)
44.3	41.8	[42,45)
40.9	51.6	[39,42)
30.6	35.2	[30,33)
52.1	53.2	[51,54)
68.1	67.6	[66,69)
41.2	36.1	[39,42)
48.1	46.8	[48,51)
60	57.3	[60,63)
26.4	21.6	[24,27)
44.1	54.7	[42,45)
49.7	50.1	[48,51)
57.8	50.7	[57,60)
57.5	43.7	[57,60)
36.1	34.9	[36,39)
54.3	55.5	[54,57)
57.9	49.5	[57,60)
65.5	69.4	[63,66)
49	53	[48,51)
45.9	44.1	[45,48)
52.8	51.4	[51,54)
47.4	49.2	[45,48)
61.3	53.3	[60,63)
69.3	76.5	[69,72)
33.1	45.6	[33,36)
45	55	[45,48)
24.1	30	[24,27)
42.3	53.2	[42,45)
52.5	53.4	[51,54)
43.6	43.2	[42,45)
51.2	47	[51,54)
46.3	50	[45,48)
44.7	52.9	[42,45)
36.8	37.6	[36,39)
49.6	46.2	[48,51)
53.6	56.9	[51,54)
69.6	67.2	[69,72)
44.2	40.9	[42,45)
73.6	75.6	[72,75)
41.1	37.4	[39,42)
58.9	46.3	[57,60)
78.4	70.5	[78,81)
52.1	50	[51,54)
27.9	32.7	[27,30)
53.5	47.5	[51,54)
44.2	51.7	[42,45)
65.5	72.2	[63,66)
32.4	32.3	[30,33)
59.1	49.3	[57,60)
50.7	52.4	[48,51)
63.7	58.7	[63,66)
57.3	56.1	[57,60)
23.7	27.9	[21,24)
65.7	70.7	[63,66)
51.1	48.9	[51,54)
27.3	27.9	[27,30)
51.8	46.4	[51,54)
45	48.7	[45,48)
50.7	46.7	[48,51)
58.6	47.2	[57,60)
51.6	50.1	[51,54)
62.3	68.5	[60,63)
69.5	70.3	[69,72)
25.6	25.5	[24,27)
45.8	39.5	[45,48)
30.6	29.2	[30,33)
44.8	40.9	[42,45)
51.6	53.3	[51,54)
32.6	39.6	[30,33)
46	46.6	[45,48)
45.6	47.8	[45,48)
57.4	58.8	[57,60)
74	71.2	[72,75)
66.5	74.5	[66,69)
37.8	38.7	[36,39)
50	45.1	[48,51)
63.7	65.4	[63,66)
47.3	42.5	[45,48)
45.2	49.7	[45,48)
53.4	70.7	[51,54)
63.4	73.6	[63,66)
22.4	30.8	[21,24)
59.2	52.6	[57,60)
48	53.6	[48,51)
37.5	35.6	[36,39)
52.5	48.4	[51,54)
35.5	31.9	[33,36)
39.4	42.2	[39,42)
45.1	49.7	[45,48)
50.6	55.5	[48,51)
60	54.9	[60,63)
53.8	48	[51,54)
51.9	57.4	[51,54)
75.4	68.3	[75,78)
43.1	50.9	[42,45)
57.2	54.8	[57,60)
51.6	50.2	[51,54)
47.4	53.5	[45,48)
31.3	33.1	[30,33)
65.8	75	[63,66)
37.7	29.3	[36,39)
35.3	25.1	[33,36)
64.4	73.3	[63,66)
46.2	42.8	[45,48)
53.2	51.3	[51,54)
56.1	57.1	[54,57)
47	35.7	[45,48)
47	46	[45,48)
52.8	48.3	[51,54)
65.9	63.6	[63,66)
47.8	52.3	[45,48)
36.4	35.8	[36,39)
66.9	72.5	[66,69)
40.2	39.8	[39,42)
52.4	52.4	[51,54)
40.2	35.9	[39,42)
55.8	46.6	[54,57)
29.6	37	[27,30)
53.4	53.7	[51,54)
66.4	65.7	[66,69)
52.7	51.9	[51,54)
25.2	33.6	[24,27)
60	67.9	[60,63)
56.4	51.6	[54,57)
26.8	23.1	[24,27)
51	46.7	[51,54)
33.7	33.6	[33,36)
54.6	53.5	[54,57)
56.7	62.1	[54,57)
44.1	46.6	[42,45)
37.7	37.9	[36,39)
47.8	44.4	[45,48)
29.9	34.6	[27,30)
69.6	70	[69,72)
53.3	49	[51,54)
30.6	36.7	[30,33)
62.5	68.6	[60,63)
67.6	68.2	[66,69)
31.7	48.3	[30,33)
67.3	71.9	[66,69)
80.7	66.3	[78,81)
69.7	71.4	[69,72)
60	68.9	[60,63)
62.3	71.7	[60,63)
36.8	38	[36,39)
70.2	68.2	[69,72)
74.2	73.2	[72,75)
62.3	62.6	[60,63)
71.4	78.2	[69,72)
66.2	62.4	[66,69)
54.5	53.9	[54,57)
59.1	67.7	[57,60)
37.2	39.7	[36,39)
37.1	43.7	[36,39)
44.1	45.1	[42,45)
53.2	56.6	[51,54)
38.3	33.8	[36,39)
63.2	69.2	[63,66)
44.5	43	[42,45)
38.3	36.8	[36,39)
69.4	68.7	[69,72)
32.6	35	[30,33)
40.6	54.1	[39,42)
41.6	39.4	[39,42)
51.9	51.1	[51,54)
45.1	45.8	[45,48)
61.3	63.3	[60,63)
53.3	57.8	[51,54)
43.2	50.5	[42,45)
65.1	69.5	[63,66)
72.1	71.6	[72,75)
68.1	64.1	[66,69)
48.1	48.5	[48,51)
71.3	71.6	[69,72)
51.8	60.7	[51,54)
76.6	73.2	[75,78)
45.8	50.1	[45,48)
56.7	54	[54,57)
39.4	36.3	[39,42)
40	32	[39,42)
37.5	39.2	[36,39)
43	48.2	[42,45)
44.2	43.1	[42,45)
51.6	50.1	[51,54)
49.1	47.1	[48,51)
64.6	70.2	[63,66)
66.7	73.5	[66,69)
62.8	63.9	[60,63)
48.9	53.5	[48,51)
44.5	52.4	[42,45)
75.8	65.6	[75,78)
41	43.5	[39,42)
67.9	66.5	[66,69)
53.9	46	[51,54)
51.5	48.3	[51,54)
30	31	[30,33)
64.6	64.6	[63,66)
37.8	37.1	[36,39)
38.2	30.1	[36,39)
60.9	70.6	[60,63)
40.2	36	[39,42)
72.6	72.3	[72,75)
44.6	38.6	[42,45)
45.6	49.3	[45,48)
46.7	53.3	[45,48)
73.7	71.4	[72,75)
40.2	41.1	[39,42)
49.7	41.9	[48,51)
67.3	69.2	[66,69)
53.3	55.1	[51,54)
76	67.3	[75,78)
65.9	63	[63,66)
30.6	29.2	[30,33)
52.1	45.7	[51,54)
71.7	73.9	[69,72)
47.4	38.4	[45,48)
70.3	73	[69,72)
57.6	61.5	[57,60)
74.4	70.9	[72,75)
65.7	74.6	[63,66)
38.5	34.5	[36,39)
25.9	32.5	[24,27)
57.8	69.8	[57,60)
41.4	42.4	[39,42)
72.8	75.8	[72,75)
76.1	69.9	[75,78)
26.8	34.1	[24,27)
40.3	36.7	[39,42)
44	40.6	[42,45)
76.9	70.2	[75,78)
55.4	56.9	[54,57)
45.4	45	[45,48)
66.1	69.6	[66,69)
54.3	61.6	[54,57)
32.1	38.1	[30,33)
24.7	28.9	[24,27)
40.5	52.4	[39,42)
49.5	51.1	[48,51)
42.5	36.1	[42,45)
68.5	71.4	[66,69)
26.6	28.1	[24,27)
36.3	37.6	[36,39)
23.2	23.5	[21,24)
79.1	72.1	[78,81)
60.2	64.5	[60,63)
44.5	43.7	[42,45)
75.9	71.4	[75,78)
39.9	49	[39,42)
60.4	62.8	[60,63)
49	45.8	[48,51)
60.6	50.8	[60,63)
42	55.4	[42,45)
48.1	42.6	[48,51)
30.1	30.8	[30,33)
45.3	53.9	[45,48)
61.2	63.7	[60,63)
51	46.9	[51,54)
56.8	61.3	[54,57)
63.4	62.3	[63,66)
46.3	40.6	[45,48)
50.8	51.9	[48,51)
37.9	45.6	[36,39)
56.6	53.2	[54,57)
61.6	68.4	[60,63)
39	36.1	[39,42)
69.7	63.1	[69,72)
58.3	50.5	[57,60)
70.1	71.1	[69,72)
64.6	73.2	[63,66)
49	52.7	[48,51)
71.4	73.1	[69,72)
53.6	66.7	[51,54)
50.5	46.7	[48,51)
48.7	52.2	[48,51)
63.8	52.5	[63,66)
41.7	33.6	[39,42)
80.5	72.3	[78,81)
32.5	30.7	[30,33)
59.7	57.1	[57,60)
41.1	40.9	[39,42)
47.6	54	[45,48)
42.3	47.8	[42,45)
29.4	31.7	[27,30)
53.6	66.5	[51,54)
38.5	41.3	[36,39)
28.1	32.5	[27,30)
56.2	57	[54,57)
38.9	37.1	[36,39)
37.3	41.7	[36,39)
57.2	73.6	[57,60)
36.2	31.4	[36,39)
58.7	59.1	[57,60)
24.2	26.2	[24,27)
31.8	32.3	[30,33)
24.1	28.1	[24,27)
35.9	47.7	[33,36)
57.1	64.3	[57,60)
61	72.5	[60,63)
73.5	74.5	[72,75)
69.9	67.3	[69,72)
47.7	48.8	[45,48)
43.7	40.9	[42,45)
34.8	40.6	[33,36)
51.3	59.4	[51,54)
47	53.6	[45,48)
50.8	55	[48,51)
50.8	50.9	[48,51)
54.2	54.4	[54,57)
55.3	65.6	[54,57)
41.9	31.5	[39,42)
26.5	30.4	[24,27)
51.6	54.3	[51,54)
62.9	63.8	[60,63)
41.8	43.1	[39,42)
65.9	70.7	[63,66)
49.9	46.5	[48,51)
29.5	34.8	[27,30)
63.5	66.5	[63,66)
52	53.3	[51,54)
65.6	64.2	[63,66)
43.1	32.9	[42,45)
54	50.4	[54,57)
71.7	73.4	[69,72)
35.2	29.2	[33,36)
68.7	74.5	[66,69)
49	57.2	[48,51)
67.2	71.3	[66,69)
61.1	60.5	[60,63)
72.9	71.5	[72,75)
55.4	57.8	[54,57)
41	36.7	[39,42)
63.4	59.5	[63,66)
51.5	42.6	[51,54)
72.8	65.9	[72,75)
36.5	39.1	[36,39)
26.4	34.8	[24,27)
51.6	53.2	[51,54)
38.8	35	[36,39)
50.3	47.4	[48,51)
42.9	45.4	[42,45)
56.2	72	[54,57)
53.5	57.5	[51,54)
82.2	81.8	[81,84)
33.8	32.3	[33,36)
50.1	42.1	[48,51)
47.8	40.5	[45,48)
43.8	42.3	[42,45)
36.3	30.1	[36,39)
77.4	68.8	[75,78)
46.9	40.3	[45,48)
67.3	68.9	[66,69)
53	55.7	[51,54)
35.8	36.3	[33,36)
51.4	54.2	[51,54)
54.4	48.6	[54,57)
26.3	30.3	[24,27)
28.1	30.5	[27,30)
67.5	64.4	[66,69)
51.7	52.8	[51,54)
48.4	48.3	[48,51)
51.1	41.9	[51,54)
45.6	49.6	[45,48)
39.8	36.8	[39,42)
65.4	64	[63,66)
77.2	77	[75,78)
47.1	49.4	[45,48)
58	55.9	[57,60)
57	51	[57,60)
68.5	69.8	[66,69)
70.9	76.6	[69,72)
57.9	54.3	[57,60)
67.1	67.7	[66,69)
54.3	69.4	[54,57)
46.1	42.2	[45,48)
21.2	23.9	[21,24)
63.3	64.8	[63,66)
47.1	51.8	[45,48)
68.2	74.3	[66,69)
20.8	26.5	[18,21)
72.6	68.5	[72,75)
58.7	62.5	[57,60)
70.4	76.7	[69,72)
62.7	55.1	[60,63)
47	52	[45,48)
58.2	62.3	[57,60)
71.5	76.9	[69,72)
56.7	52.5	[54,57)
67.8	64.1	[66,69)
65.2	64.9	[63,66)
37.9	35.1	[36,39)
34.9	29.8	[33,36)
72.3	67	[72,75)
53	60.6	[51,54)
48.1	55.3	[48,51)
68	66.6	[66,69)
39.8	47.2	[39,42)
69.1	67.4	[69,72)
32	29.6	[30,33)
67.3	65.5	[66,69)
35.4	37.1	[33,36)
78.8	69.8	[78,81)
34	24.1	[33,36)
64.3	74.4	[63,66)
59.6	65.1	[57,60)
55.9	70	[54,57)
39.3	50.4	[39,42)
56.7	57.2	[54,57)
44.7	48.3	[42,45)
74.4	70.3	[72,75)
32.4	35.1	[30,33)
31.2	31.7	[30,33)
34.1	33.9	[33,36)
33.2	31.2	[33,36)
45.8	43.7	[45,48)
53.2	50.8	[51,54)
48.8	41.8	[48,51)
58.6	64.1	[57,60)
50	48.1	[48,51)
48	54.8	[48,51)
23	26.2	[21,24)
75	69.4	[75,78)
50.3	51.7	[48,51)
46.7	51.3	[45,48)
35.5	41	[33,36)
69.1	71.2	[69,72)
59.5	51.4	[57,60)
51.8	53.3	[51,54)
52.8	55.7	[51,54)
71.3	66.6	[69,72)
49.1	54.1	[48,51)
60.5	65	[60,63)
74.7	75.1	[72,75)
62.9	55.1	[60,63)
71.1	73.3	[69,72)
28.6	30.2	[27,30)
51.9	45.3	[51,54)
59.2	63.8	[57,60)
57.7	53.8	[57,60)
45	36.3	[45,48)
47.1	56.5	[45,48)
50.5	40.3	[48,51)
60.3	62.5	[60,63)
72.5	73.5	[72,75)
70.6	75.2	[69,72)
59.6	54.5	[57,60)
57	61.7	[57,60)
52.7	52.7	[51,54)
72	63.8	[72,75)
77	70.5	[75,78)
47.7	45.6	[45,48)
65.2	67.4	[63,66)
60.6	64.9	[60,63)
68.1	63.3	[66,69)
34.7	30.3	[33,36)
43.3	44.6	[42,45)
55.8	71.7	[54,57)
48.6	66.3	[48,51)
69.1	64.3	[69,72)
28.9	32.9	[27,30)
48.6	48.5	[48,51)
66.6	60.9	[66,69)
70.2	70.8	[69,72)
34.2	34.8	[33,36)
31.5	38	[30,33)
64.4	69.5	[63,66)
44.4	43.7	[42,45)
67.1	71.1	[66,69)
24.2	32.5	[24,27)
60.2	70.3	[60,63)
59.6	50.8	[57,60)
65.3	71.5	[63,66)
37.8	39.3	[36,39)
55.8	46.7	[54,57)
36.3	34.8	[36,39)
46.8	47.7	[45,48)
32.9	38.4	[30,33)
20.8	20	[18,21)
27.2	35.8	[27,30)
41.1	37.6	[39,42)
54.6	61.1	[54,57)
69.9	72.4	[69,72)
32.5	33.2	[30,33)
73.5	66.5	[72,75)
55.2	46.5	[54,57)
44.2	47.8	[42,45)
64.5	61.9	[63,66)
34.4	31.8	[33,36)
73.3	65.3	[72,75)
44.7	51	[42,45)
43.9	44	[42,45)
68	53.4	[66,69)
39.9	48.6	[39,42)
30	27.5	[30,33)
54.8	50	[54,57)
26	27.6	[24,27)
45.9	50.5	[45,48)
57.4	63.1	[57,60)
64.7	60.4	[63,66)
42.4	35.2	[42,45)
61.4	52.4	[60,63)
54.5	54.5	[54,57)
42.3	41.1	[42,45)
45.2	51.8	[45,48)
43.7	43.6	[42,45)
30.5	31.2	[30,33)
68.3	67.1	[66,69)
28.5	29.4	[27,30)
42.7	40.1	[42,45)
52.2	49.3	[51,54)
66	66.4	[66,69)
49.1	54.1	[48,51)
74.3	73.4	[72,75)
61.3	66.1	[60,63)
72.5	70.7	[72,75)
65.8	56.1	[63,66)
47.5	49.3	[45,48)
64.8	66.8	[63,66)
47.9	49.1	[45,48)
69.8	75.6	[69,72)
50.1	48.9	[48,51)
45.8	49.7	[45,48)
34.8	37.3	[33,36)
39.2	45.9	[39,42)
45.1	38.9	[45,48)
48.4	49.3	[48,51)
54.6	53.7	[54,57)
55.6	50.3	[54,57)
63	69.2	[63,66)
41.9	42.5	[39,42)
68.6	70.1	[66,69)
53.1	50.5	[51,54)
41.5	40	[39,42)
75.9	77.2	[75,78)
55.4	51.3	[54,57)
32.8	34	[30,33)
45.9	40	[45,48)
35.5	44.4	[33,36)
45.2	49	[45,48)
68.4	73.4	[66,69)
73	70.2	[72,75)
56.3	57.1	[54,57)
67	71.1	[66,69)
61.6	60.8	[60,63)
65.2	64.5	[63,66)
70	71.3	[69,72)
41.5	40.4	[39,42)
49.4	45.9	[48,51)
77.5	71.8	[75,78)
74.7	75.2	[72,75)
37.8	36.6	[36,39)
69.6	65.4	[69,72)
66.3	61.1	[66,69)
35.7	33.8	[33,36)
32.1	36.5	[30,33)
59	64	[57,60)
63.7	70.2	[63,66)
77.3	72.7	[75,78)
20.8	21.7	[18,21)
37.8	31.1	[36,39)
32	26.1	[30,33)
43.1	56.2	[42,45)
33.1	41.1	[33,36)
54.9	52.9	[54,57)
51.9	55.6	[51,54)
51.1	53.4	[51,54)
38.9	39.5	[36,39)
39.4	32.4	[39,42)
51.8	53.8	[51,54)
34.6	30.6	[33,36)
38.9	37.1	[36,39)
37.4	41.7	[36,39)
69.8	73.8	[69,72)
57.1	43.7	[57,60)
47.8	50.3	[45,48)
35.6	33.1	[33,36)
27.8	37.1	[27,30)
20.7	21.9	[18,21)
28.2	26	[27,30)
60.5	55.7	[60,63)
61.9	77.4	[60,63)
32.6	39.2	[30,33)
67.7	70.1	[66,69)
59.4	62.4	[57,60)
33.9	37.2	[33,36)
73.8	77.6	[72,75)
63.1	67.2	[63,66)
49.4	52.7	[48,51)
70.1	73.7	[69,72)
47.9	41.9	[45,48)
66.3	74.6	[66,69)
69.3	63.7	[69,72)
65.3	68.2	[63,66)
43.9	39.4	[42,45)
47.4	51.9	[45,48)
26.1	27.7	[24,27)
47.6	51.1	[45,48)
53.4	53.9	[51,54)
46.6	48.5	[45,48)
59.7	62.1	[57,60)
51.1	39.6	[51,54)
46.1	48.2	[45,48)
72.7	77.6	[72,75)
69.5	72.6	[69,72)
47.5	48.5	[45,48)
52.4	54	[51,54)
42.7	42.8	[42,45)
75.9	78.4	[75,78)
66.5	62.9	[66,69)
56	58.4	[54,57)
48.6	50.1	[48,51)
36.9	35.8	[36,39)
52.9	48	[51,54)
71.2	69	[69,72)
42.7	47.9	[42,45)
31.7	25	[30,33)
57.7	56.7	[57,60)
63.1	63.1	[63,66)
67.7	62.2	[66,69)
61.1	56.7	[60,63)
47.4	53	[45,48)
30.9	45.8	[30,33)
51.9	54.4	[51,54)
56.9	52.6	[54,57)
43.4	44.1	[42,45)
24.2	23.9	[24,27)
27	27.8	[27,30)
38.4	37.2	[36,39)
38.3	31.7	[36,39)
40.5	35.3	[39,42)
35.7	31.2	[33,36)
32.8	37.9	[30,33)
44.5	39.4	[42,45)
32.4	30.2	[30,33)
45.5	41.5	[45,48)
55.9	63.5	[54,57)
52.8	56.2	[51,54)
58.9	59.8	[57,60)
43.7	56.5	[42,45)
47.5	38.7	[45,48)
35.2	37.3	[33,36)
48.8	57.8	[48,51)
59.4	62.7	[57,60)
54.2	48.4	[54,57)
60.7	56.5	[60,63)
41.9	33.5	[39,42)
33.2	36.4	[33,36)
71.2	75	[69,72)
63.9	61.6	[63,66)
56.4	49.5	[54,57)
63.8	58.4	[63,66)
34.5	36.8	[33,36)
40	44.7	[39,42)
30.3	27.1	[30,33)
56.6	54.2	[54,57)
54	54.1	[54,57)
55.8	74.9	[54,57)
49.8	56	[48,51)
59.4	51	[57,60)
67.5	75	[66,69)
68.9	70.2	[66,69)
26.1	29.1	[24,27)
31.2	33.5	[30,33)
70.5	65.1	[69,72)
51	51.8	[51,54)
71.8	64.7	[69,72)
57.7	67.7	[57,60)
46.6	52.1	[45,48)
41.2	33.1	[39,42)
72.1	69.9	[72,75)
31.8	37.5	[30,33)
31.4	28.1	[30,33)
30.9	36.6	[30,33)
56.7	53.2	[54,57)
46.8	48	[45,48)
68.3	63.6	[66,69)
59.2	68.8	[57,60)
38.5	39.2	[36,39)
46.6	45.2	[45,48)
47.5	61.1	[45,48)
28.7	38.9	[27,30)
67.9	66.3	[66,69)
64.5	74.2	[63,66)
39.6	46.9	[39,42)
71	72.6	[69,72)
60.9	70.6	[60,63)
49.5	52.9	[48,51)
63.1	55.8	[63,66)
76.7	73.6	[75,78)
38.9	35	[36,39)
38.4	44.6	[36,39)
26.5	24	[24,27)
64	67	[63,66)
41.1	44.6	[39,42)
46.2	49.3	[45,48)
50.5	57	[48,51)
56.8	48.2	[54,57)
76	68.3	[75,78)
36.7	40.9	[36,39)
57.1	51	[57,60)
41.2	45	[39,42)
53.7	54.1	[51,54)
51.5	63.9	[51,54)
73.9	78.4	[72,75)
35.5	38.2	[33,36)
78.4	72.2	[78,81)
68.3	73.2	[66,69)
58.7	57.2	[57,60)
58.8	69.1	[57,60)
29.3	34.6	[27,30)
70.9	67.4	[69,72)
48.7	46.6	[48,51)
69.3	61.7	[69,72)
35.9	29.6	[33,36)
67.3	73.8	[66,69)
66.5	65.2	[66,69)
37.3	39.7	[36,39)
64.7	66.2	[63,66)
55.7	48	[54,57)
46	48.4	[45,48)
70.8	67.9	[69,72)
68.7	67.1	[66,69)
27	34.6	[27,30)
56.8	56.5	[54,57)
41.1	30.6	[39,42)
66.3	69.2	[66,69)
28.4	24.7	[27,30)
47.8	48.3	[45,48)
34.9	32.3	[33,36)
43.6	49	[42,45)
40.6	39	[39,42)
67.5	69	[66,69)
43.5	41.6	[42,45)
62	58.3	[60,63)
61.9	64.4	[60,63)
76.2	71.6	[75,78)
67.4	71.9	[66,69)
57.4	59.3	[57,60)
73.5	72.8	[72,75)
45	32.4	[45,48)
48.7	46.8	[48,51)
69.6	69.7	[69,72)
61.4	55	[60,63)
65.8	63.1	[63,66)
59.1	63.5	[57,60)
66.2	69.8	[66,69)
46.9	53.3	[45,48)
43.1	44.3	[42,45)
71.4	73.1	[69,72)
35.4	33.5	[33,36)
59.4	66.4	[57,60)
45.5	31	[45,48)
71	72.4	[69,72)
53.8	56	[51,54)
43.2	48.8	[42,45)
56	53.8	[54,57)
45.7	47.6	[45,48)
71.9	73.5	[69,72)
37.4	37	[36,39)
54.6	56	[54,57)
47.4	45.1	[45,48)
50.9	49	[48,51)
30.8	34.1	[30,33)
44	40.7	[42,45)
40.8	47.8	[39,42)
70.3	65.3	[69,72)
47.3	40.4	[45,48)
62	59.6	[60,63)
39.4	40.2	[39,42)
76.7	73.6	[75,78)
50.7	51.5	[48,51)
64.3	62.8	[63,66)
50.5	52.3	[48,51)
65	68.7	[63,66)
67.4	67.9	[66,69)
47	44.3	[45,48)
48.2	43.3	[48,51)
47.5	49.5	[45,48)
46.6	35.6	[45,48)
60	63.3	[60,63)
71.8	74.3	[69,72)
61.4	58.1	[60,63)
63.2	64.6	[63,66)
77.2	65.2	[75,78)
39.5	45.4	[39,42)
33.5	32.9	[33,36)
44.5	38.7	[42,45)
53.2	53.2	[51,54)
24.6	28.4	[24,27)
38.7	42.7	[36,39)
39.6	33.3	[39,42)
53.1	56.1	[51,54)
43.6	43.5	[42,45)
59.4	58.7	[57,60)
53.8	49.9	[51,54)
70.4	72.4	[69,72)
73	75.1	[72,75)
37.6	34.2	[36,39)
41.4	44	[39,42)
70	68.4	[69,72)
65.7	64.2	[63,66)
33.8	29.6	[33,36)
59	54.2	[57,60)
75.2	74.3	[75,78)
56.1	64.6	[54,57)
43.3	49.5	[42,45)
29.3	34	[27,30)
40.3	49	[39,42)
60	66.5	[60,63)
48.7	54.4	[48,51)
66.9	69.3	[66,69)
47.4	50.5	[45,48)
78.3	69.3	[78,81)
67.7	67.4	[66,69)
30.7	29.8	[30,33)
37.4	34.6	[36,39)
56.2	63.9	[54,57)
45	44	[45,48)
24.9	32.3	[24,27)
45.4	37.6	[45,48)
73.8	72.1	[72,75)
43.7	43.1	[42,45)
57.4	47.8	[57,60)
41.1	42.5	[39,42)
57.9	53.2	[57,60)
78.9	69.6	[78,81)
35.2	38.5	[33,36)
76.6	73.6	[75,78)
72.7	67	[72,75)
79.9	72.2	[78,81)
42.2	52.6	[42,45)
48.8	51.2	[48,51)
32.9	30.6	[30,33)
26.8	41.8	[24,27)
44.7	39.1	[42,45)
54.6	47.6	[54,57)
48.6	55.7	[48,51)
68.6	66.8	[66,69)
55.4	53.9	[54,57)
50.9	48.1	[48,51)
49.6	62	[48,51)
50.7	46.7	[48,51)
51.5	63.7	[51,54)
70.5	74.1	[69,72)
43.9	39.6	[42,45)
29.3	29.9	[27,30)
33.6	43	[33,36)
47.7	36	[45,48)
54.6	49.2	[54,57)
60.8	60.2	[60,63)
50.7	45.9	[48,51)
32.2	34.8	[30,33)
61.9	68	[60,63)
71.8	64.4	[69,72)
67.8	66.7	[66,69)
55.4	50.8	[54,57)
73.8	73.3	[72,75)
38.9	45.7	[36,39)
23.8	23.8	[21,24)
67.5	69.3	[66,69)
48.2	58.6	[48,51)
32.8	36.2	[30,33)
31.2	25.9	[30,33)
44.2	40.7	[42,45)
66.5	75.5	[66,69)
44.2	50.1	[42,45)
38.1	38.3	[36,39)
28	26.2	[27,30)
50.3	54.6	[48,51)
30.7	35.4	[30,33)
73	70	[72,75)
30.9	31.8	[30,33)
32.4	29.6	[30,33)
35.1	35.5	[33,36)
60.9	62.6	[60,63)
57.4	64.3	[57,60)
58.8	66.9	[57,60)
57.6	61.9	[57,60)
49.5	46.1	[48,51)
61.3	66.6	[60,63)
80.4	74.1	[78,81)
47.6	53.6	[45,48)
63.4	66.1	[63,66)
50.9	54.9	[48,51)
26.3	24.5	[24,27)
72.3	75.4	[72,75)
55.2	46.2	[54,57)
72	73.1	[72,75)
55.6	38.2	[54,57)
39.4	39.6	[39,42)
65.9	65.6	[63,66)
34.6	33.5	[33,36)
30.4	27.6	[30,33)
71.9	70.3	[69,72)
57.4	68.6	[57,60)
74.3	73.1	[72,75)
64.6	69.2	[63,66)
55.9	53.4	[54,57)
64.6	53.9	[63,66)
37.8	41.8	[36,39)
49.2	33.6	[48,51)
53	48.7	[51,54)
42.3	45.6	[42,45)
60.6	50.8	[60,63)
67.7	69.3	[66,69)
30.7	32.1	[30,33)
77.5	73.8	[75,78)
63.6	61.1	[63,66)
48	48.3	[48,51)
62.6	67.3	[60,63)
63.8	58.6	[63,66)
54.1	45.2	[54,57)
18.2	21.2	[18,21)
37.7	41.5	[36,39)
46.8	52.3	[45,48)
64.1	66.4	[63,66)
61.8	64.1	[60,63)
36.3	27	[36,39)
40.3	41.5	[39,42)
64	62.7	[63,66)
69.1	68.7	[69,72)
55.1	66.7	[54,57)
60.8	69	[60,63)
42.2	48.1	[42,45)
67.4	63.7	[66,69)
35.2	33.1	[33,36)
70.2	73.3	[69,72)
34	37.4	[33,36)
68	71.5	[66,69)
25.3	27	[24,27)
28.4	29.6	[27,30)
49.3	53.3	[48,51)
33.9	32.2	[33,36)
73.4	69.1	[72,75)
29.4	34.3	[27,30)
43	48	[42,45)
56.4	69.1	[54,57)
72.8	68.7	[72,75)
46.4	34.4	[45,48)
35.3	37	[33,36)
62.8	74.2	[60,63)
18.2	21.4	[18,21)
44.2	42	[42,45)
40.8	39.1	[39,42)
44.7	49	[42,45)
65.5	66	[63,66)
48.7	49.7	[48,51)
53.3	60.1	[51,54)
57.6	58.1	[57,60)
74.1	70.5	[72,75)
40.9	36.3	[39,42)
43.2	42.1	[42,45)
54.4	59.3	[54,57)
74.8	79.8	[72,75)
75.5	75.4	[75,78)
74.2	72.9	[72,75)
75	69.8	[75,78)
59.3	50.8	[57,60)
31	34.3	[30,33)
46.8	54	[45,48)
65.9	61.1	[63,66)
53.5	52	[51,54)
66.7	69.9	[66,69)
45.9	50	[45,48)
71.5	73.7	[69,72)
74	76.6	[72,75)
35.5	33.5	[33,36)
74.9	72.6	[72,75)
57.8	56.2	[57,60)
38	29.9	[36,39)
55.7	61.2	[54,57)
63.7	56.2	[63,66)
47.5	37.4	[45,48)
59.3	59.7	[57,60)
60.9	71.2	[60,63)
66.9	59.9	[66,69)
61.7	70.4	[60,63)
35.6	33.5	[33,36)
51	49.4	[51,54)
75.2	65.7	[75,78)
79.3	76.8	[78,81)
51.4	47.2	[51,54)
42.6	37.9	[42,45)
48.7	51.8	[48,51)
34.8	35.3	[33,36)
66.8	70.2	[66,69)
40.6	48.3	[39,42)
48	50.7	[48,51)
47.6	40.2	[45,48)
56.8	52.5	[54,57)
71.7	66	[69,72)
65.1	62.8	[63,66)
54.4	49.9	[54,57)
58.3	52.3	[57,60)
22.3	20.6	[21,24)
70.9	74.2	[69,72)
52.4	45.9	[51,54)
33.5	29.8	[33,36)
63.7	56.4	[63,66)
51.5	51.4	[51,54)
57.5	49.7	[57,60)
49.4	53.6	[48,51)
64.3	56.3	[63,66)
49.6	52.9	[48,51)
48.3	45.6	[48,51)
48	45.8	[48,51)
56.9	58.5	[54,57)
73.8	73.6	[72,75)
60.2	63	[60,63)
46.8	47	[45,48)
70.2	66.1	[69,72)
53.8	51.1	[51,54)
44	45	[42,45)
51.7	51.6	[51,54)
53.5	50.2	[51,54)
37.2	45.1	[36,39)
30	32.5	[30,33)
27.8	31.8	[27,30)
60	54.1	[60,63)
65.6	74.5	[63,66)
63.4	65.3	[63,66)
43.1	45.1	[42,45)
71.7	73.2	[69,72)
23.4	25.1	[21,24)
56.1	64.1	[54,57)
21.6	29	[21,24)
69.1	70.3	[69,72)
48.9	54.2	[48,51)
26.3	31.5	[24,27)
36	34.9	[36,39)
53.6	53.3	[51,54)
70.9	78.2	[69,72)
54.1	55.6	[54,57)
49.2	54	[48,51)
46.4	47.6	[45,48)
66.3	66.9	[66,69)
51.1	54.6	[51,54)
64.4	67.7	[63,66)
70.9	73.3	[69,72)
65.3	72.7	[63,66)
73.8	74.4	[72,75)
53.9	50.1	[51,54)
45.3	57.8	[45,48)
36.2	36.2	[36,39)
44.8	57.4	[42,45)
43.4	48.3	[42,45)
69.4	69.3	[69,72)
45	49.5	[45,48)
58.9	65.1	[57,60)
64.4	69.7	[63,66)
66	69.6	[66,69)
65.5	63.7	[63,66)
33	34.4	[33,36)
36.9	35.9	[36,39)
53.8	52.6	[51,54)
48.9	48.4	[48,51)
46.5	43.1	[45,48)
71.8	65.4	[69,72)
59	56	[57,60)
46.3	50.8	[45,48)
52	48.2	[51,54)
74.4	72.2	[72,75)
52	39.8	[51,54)
65	57.2	[63,66)
70.7	69.1	[69,72)
32.5	33.2	[30,33)
60.2	60.5	[60,63)
55	52	[54,57)
50.9	52.1	[48,51)
44.6	47.4	[42,45)
39.1	32.1	[39,42)
33.5	34.4	[33,36)
64.8	76.7	[63,66)
27.2	26	[27,30)
38.2	34.6	[36,39)
45.4	55.8	[45,48)
31.9	33.6	[30,33)
38.3	44.9	[36,39)
29.1	23.4	[27,30)
56.3	56.2	[54,57)
30.3	29.7	[30,33)
61	59.9	[60,63)
62.2	60.6	[60,63)
67.8	68.1	[66,69)
44.4	41.6	[42,45)
35.6	34.2	[33,36)
54.6	64.9	[54,57)
69.1	75.7	[69,72)
71.5	74.6	[69,72)
40.5	36.7	[39,42)
42.7	42.3	[42,45)
73.4	68.3	[72,75)
48.1	48	[48,51)
27.4	29.3	[27,30)
70.7	67.7	[69,72)
69.2	65	[69,72)
55.8	53.6	[54,57)
55.5	48.2	[54,57)
55.2	68.4	[54,57)
66	66.3	[66,69)
66.9	64.8	[66,69)
33.4	23.5	[33,36)
54.5	58.2	[54,57)
44.6	46.3	[42,45)
37.3	34.8	[36,39)
69.4	63.7	[69,72)
69.5	68.3	[69,72)
49.8	54.5	[48,51)
77.5	76	[75,78)
69.6	65.9	[69,72)
63.9	70.9	[63,66)
51.4	57.2	[51,54)
53.3	50.3	[51,54)
36.4	32.9	[36,39)
45.3	35.8	[45,48)
44.9	42.5	[42,45)
67.1	66.8	[66,69)
32.2	36	[30,33)
50	57.1	[48,51)
63	65.2	[63,66)
32.9	26.1	[30,33)
49.5	43.1	[48,51)
65.6	62.9	[63,66)
55.4	58.2	[54,57)
60.6	51.3	[60,63)
32.1	34.4	[30,33)
70.5	70.8	[69,72)
74	74.6	[72,75)
59.2	66.7	[57,60)
60.4	65	[60,63)
70	75	[69,72)
57.8	61.8	[57,60)
36.5	29.4	[36,39)
49.6	50	[48,51)
65.5	73.6	[63,66)
46.7	45.6	[45,48)
66	55.4	[66,69)
61.4	71	[60,63)
33.7	39.1	[33,36)
52.8	47.4	[51,54)
23.7	19.4	[21,24)
40.5	36.6	[39,42)
71.9	69.4	[69,72)
52.8	47.3	[51,54)
32.8	35.1	[30,33)
54.8	58.2	[54,57)
33.3	32	[33,36)
41.5	48	[39,42)
71.1	61.3	[69,72)
39.2	34	[39,42)
57.8	55.1	[57,60)
55.9	56.3	[54,57)
28.7	34.4	[27,30)
65.7	68.5	[63,66)
52	46	[51,54)
54.8	39.3	[54,57)
48.2	55.9	[48,51)
79	71.9	[78,81)
43.5	50.2	[42,45)
53	54.1	[51,54)
31.6	31.2	[30,33)
59.4	51.8	[57,60)
49.9	52.9	[48,51)
41.7	44.9	[39,42)
51.9	47.3	[51,54)
55.3	53.2	[54,57)
47.4	53.2	[45,48)
32.8	34.8	[30,33)
69.7	70.1	[69,72)
50.8	60	[48,51)
48.5	42.4	[48,51)
47.4	49.6	[45,48)
67.7	73	[66,69)
65.3	73.2	[63,66)
54.6	56.9	[54,57)
35.7	33	[33,36)
55.6	63.5	[54,57)
42.5	32.2	[42,45)
51.4	54.8	[51,54)
68.9	69.4	[66,69)
35.5	30.5	[33,36)
44.4	38.6	[42,45)
69.3	71.8	[69,72)
58.3	54.9	[57,60)
29.7	32.1	[27,30)
55	50.6	[54,57)
39.4	38.6	[39,42)
68.8	66.3	[66,69)
47.5	46.2	[45,48)
48.4	36.3	[48,51)
26.3	22.5	[24,27)
73.7	69.1	[72,75)
72.7	60.7	[72,75)
77.9	65.3	[75,78)
46.5	47.8	[45,48)
55.7	58.5	[54,57)
63	62.3	[63,66)
54.8	51.3	[54,57)
39.3	46.2	[39,42)
36.3	28.3	[36,39)
50.7	46	[48,51)
43.8	44.1	[42,45)
34.2	30.3	[33,36)
70.2	70.6	[69,72)
29.6	22.2	[27,30)
31.8	23.5	[30,33)
54.9	52.5	[54,57)
36.8	36.9	[36,39)
48.6	41.9	[48,51)
56.5	54.8	[54,57)
58.1	60	[57,60)
53.4	53.4	[51,54)
48.5	50.5	[48,51)
39.2	37.5	[39,42)
75.2	70.1	[75,78)
56.3	58.2	[54,57)
35.8	29.1	[33,36)
76.1	79.9	[75,78)
47.8	51.6	[45,48)
50.7	55.2	[48,51)
60.9	68.9	[60,63)
34.1	44.7	[33,36)
52.6	57.8	[51,54)
49	54	[48,51)
65.7	69.5	[63,66)
54.1	53.7	[54,57)
32.5	39.4	[30,33)
46.6	47.7	[45,48)
39.3	46.4	[39,42)
56.4	62.8	[54,57)
65.4	69.4	[63,66)
26.4	28.3	[24,27)
41.2	44.5	[39,42)
40.3	28	[39,42)
49.2	41.9	[48,51)
40.5	40.8	[39,42)
37.7	35.4	[36,39)
66	63.8	[66,69)
75.6	71.6	[75,78)
53.3	46.9	[51,54)
72.3	72.4	[72,75)
57.8	63.2	[57,60)
65	67	[63,66)
62.7	66.3	[60,63)
55.2	55	[54,57)
61.6	53.6	[60,63)
66.2	72.5	[66,69)
58.2	62.8	[57,60)
66.2	66.7	[66,69)
60.5	70.4	[60,63)
31.7	30.3	[30,33)
26.5	28.9	[24,27)
54.9	52.1	[54,57)
63.3	69.4	[63,66)
49.5	42	[48,51)
37.5	35.6	[36,39)
28.3	36.9	[27,30)
50	57.4	[48,51)
54.3	47	[54,57)
44.6	35.4	[42,45)
50.6	57.1	[48,51)
48.1	45.4	[48,51)
73	81.2	[72,75)
76.6	66	[75,78)
50.5	52	[48,51)
48.3	52.8	[48,51)
60.8	75.6	[60,63)
71.5	66.8	[69,72)
67.8	72	[66,69)
65.2	72.9	[63,66)
36.6	35.2	[36,39)
56.8	67.1	[54,57)
54.2	58.1	[54,57)
38.5	40.7	[36,39)
66.1	63.4	[66,69)
37.1	29.4	[36,39)
69.7	74.8	[69,72)
67.1	70.1	[66,69)
42.9	46.9	[42,45)
65.4	64	[63,66)
39.1	38.3	[39,42)
79.1	74.3	[78,81)
58.9	55.2	[57,60)
43.3	39.4	[42,45)
36	41.1	[36,39)
62.3	56	[60,63)
54.1	57.8	[54,57)
33.6	34.2	[33,36)
48.9	53.9	[48,51)
59.5	65	[57,60)
54.5	51.5	[54,57)
35.9	66	[33,36)
58.6	51.2	[57,60)
30.9	31.5	[30,33)
48.2	57.1	[48,51)
60.7	55.8	[60,63)
35.9	33.4	[33,36)
65.3	57.8	[63,66)
32.4	30.1	[30,33)
40.4	34.8	[39,42)
73.2	71.1	[72,75)
40.5	44.7	[39,42)
76.2	71.5	[75,78)
49.8	49.1	[48,51)
70.7	75.9	[69,72)
48	42.1	[48,51)
52.7	45.7	[51,54)
36.3	30.4	[36,39)
43.7	48	[42,45)
69.1	64.5	[69,72)
44.4	52.9	[42,45)
39.9	38.1	[39,42)
42.1	37.4	[42,45)
29.2	31.4	[27,30)
37.1	36.3	[36,39)
72	75.2	[72,75)
56.3	58.5	[54,57)
68.1	56.4	[66,69)
35.8	33.9	[33,36)
73.3	73.5	[72,75)
56.1	55	[54,57)
31.1	33.2	[30,33)
60.5	59.6	[60,63)
68.6	67.4	[66,69)
33.3	34.3	[33,36)
22.9	22.9	[21,24)
34.5	38.3	[33,36)
37.1	39.2	[36,39)
50.9	43.9	[48,51)
27.3	28.2	[27,30)
58.5	68.6	[57,60)
61.9	72.1	[60,63)
67.7	64	[66,69)
56.9	66.1	[54,57)
56.4	72.8	[54,57)
45.6	46.9	[45,48)
62	67.3	[60,63)
56.5	54	[54,57)
57.9	65.6	[57,60)
20.8	28.2	[18,21)
26.8	25.8	[24,27)
58.3	56.4	[57,60)
62.8	61.1	[60,63)
68.9	69	[66,69)
48.2	42.7	[48,51)
74.2	65.5	[72,75)
74.5	69.8	[72,75)
54.9	61.3	[54,57)
42.1	43.6	[42,45)
58.9	63.9	[57,60)
51.2	49.7	[51,54)
60.4	61.4	[60,63)
45.4	50.5	[45,48)
22.1	35.7	[21,24)
41	52.7	[39,42)
33.7	35.6	[33,36)
68.5	65.5	[66,69)
69.8	68.2	[69,72)
62.1	61.1	[60,63)
39.3	42.4	[39,42)
51.4	54.5	[51,54)
28.6	30.3	[27,30)
29.8	35.3	[27,30)
53	48.4	[51,54)
36.4	33	[36,39)
32.7	43	[30,33)
74.1	72.7	[72,75)
54.4	57.5	[54,57)
60.5	49.5	[60,63)
39.6	38.7	[39,42)
58.5	51.5	[57,60)
63.2	66.5	[63,66)
51.8	51.1	[51,54)
70.7	73.8	[69,72)
73.8	73.1	[72,75)
48.9	56.3	[48,51)
60.8	52.9	[60,63)
23.4	22.4	[21,24)
39.1	55.5	[39,42)
68.2	68.5	[66,69)
52	48.9	[51,54)
47.9	53.1	[45,48)
65.6	63.9	[63,66)
55.6	44.3	[54,57)
56.6	60.5	[54,57)
48.4	38.7	[48,51)
56	54.1	[54,57)
52.1	62.4	[51,54)
63.1	68.9	[63,66)
61.6	52.2	[60,63)
24.9	26.9	[24,27)
68.4	73.6	[66,69)
50.9	46.7	[48,51)
71.3	69.1	[69,72)
39.2	40.3	[39,42)
37.4	46.5	[36,39)
34.9	28.9	[33,36)
58.6	66.2	[57,60)
32.5	34.2	[30,33)
30.2	49.4	[30,33)
29.7	29.9	[27,30)
59.6	63.2	[57,60)
59.8	69.4	[57,60)
71.1	65.7	[69,72)
58.9	51.5	[57,60)
66.3	79.3	[66,69)
61.7	61.5	[60,63)
30	38.8	[30,33)
50	50	[48,51)
76.3	68.3	[75,78)
55	52.9	[54,57)
63.3	48.2	[63,66)
50.3	47.6	[48,51)
31.5	35	[30,33)
43.2	41.6	[42,45)
70.5	75.5	[69,72)
63.3	63.5	[63,66)
50.8	42	[48,51)
75.2	71.9	[75,78)
68.8	65.2	[66,69)
57.9	53.6	[57,60)
46.2	39.7	[45,48)
74.9	71.2	[72,75)
40.6	31.8	[39,42)
66	66.3	[66,69)
64.8	72	[63,66)
54.2	56.3	[54,57)
42	42.9	[42,45)
58.2	54.6	[57,60)
39.3	45.8	[39,42)
74.5	71.4	[72,75)
48.6	38.7	[48,51)
70.1	72.8	[69,72)
37.7	39.7	[36,39)
57.1	53.7	[57,60)
28	34.8	[27,30)
39	44.1	[39,42)
70.1	67.7	[69,72)
41.8	41.5	[39,42)
42.8	50.1	[42,45)
76	72.1	[75,78)
41	39.9	[39,42)
74.8	76.3	[72,75)
64.8	71.5	[63,66)
50	45.5	[48,51)
69.6	67.3	[69,72)
66.5	75.9	[66,69)
48.8	45.4	[48,51)
31.4	33.6	[30,33)
54.8	56.4	[54,57)
32.7	32.9	[30,33)
26.7	31	[24,27)
59.3	69.4	[57,60)
72	65.5	[72,75)
68.2	70.7	[66,69)
60.4	65.4	[60,63)
55.8	63.1	[54,57)
53.8	54.1	[51,54)
46.5	45.7	[45,48)
65.4	66.3	[63,66)
57.7	51.5	[57,60)
38.4	48.4	[36,39)
63.7	65.4	[63,66)
30.4	37.3	[30,33)
27.7	26.5	[27,30)
18.2	18.1	[18,21)
45.6	39.8	[45,48)
30.6	33	[30,33)
30.1	39.4	[30,33)
68.4	70.3	[66,69)
49.2	48.1	[48,51)
71.1	49.4	[69,72)
56.5	47.9	[54,57)
35.1	26.9	[33,36)
34.9	34.7	[33,36)
59.6	65.5	[57,60)
50.6	62.3	[48,51)
50.5	51.9	[48,51)
63.4	61.7	[63,66)
51.4	44.3	[51,54)
62.6	72.1	[60,63)
21.1	22.4	[21,24)
41.5	37.3	[39,42)
60	62.1	[60,63)
34.7	39.2	[33,36)
59.7	61.7	[57,60)
44	57	[42,45)
68.6	67.9	[66,69)
48.7	58.8	[48,51)
45.5	51.1	[45,48)
31	23.7	[30,33)
47.9	55	[45,48)
71.9	67.1	[69,72)
58.1	52.9	[57,60)
47.9	44.7	[45,48)
46.7	59.8	[45,48)
50.9	40.4	[48,51)
23.6	18.5	[21,24)
64.8	67.1	[63,66)
61.1	56.3	[60,63)
52.6	58	[51,54)
69.7	70	[69,72)
21.7	21.2	[21,24)
58.6	61.9	[57,60)
66.9	74.5	[66,69)
52.3	50.7	[51,54)
67.6	72.5	[66,69)
54.8	57.6	[54,57)
69.1	71.1	[69,72)
35.7	39.9	[33,36)
30.8	33	[30,33)
32	26.9	[30,33)
61.1	63.4	[60,63)
33.4	34.9	[33,36)
44.8	50.3	[42,45)
31.5	25.9	[30,33)
31.6	38.6	[30,33)
42.8	44.6	[42,45)
58.1	63.5	[57,60)
21.7	25.9	[21,24)
70.1	70.2	[69,72)
64.3	66	[63,66)
53.8	48.3	[51,54)
75.3	76.5	[75,78)
34.4	42.6	[33,36)
77.7	75	[75,78)
48.3	53	[48,51)
45	39.7	[45,48)
45.9	43.5	[45,48)
25.3	26.1	[24,27)
58.9	56.3	[57,60)
64.9	65.1	[63,66)
50	50.6	[48,51)
38.5	47.6	[36,39)
53.9	49.9	[51,54)
55.1	57.8	[54,57)
66.3	74.3	[66,69)
21.7	27.9	[21,24)
33.6	32.2	[33,36)
51.1	50.6	[51,54)
74.1	72.3	[72,75)
24.8	26.4	[24,27)
66.8	66.9	[66,69)
49.4	53.8	[48,51)
39	36.5	[39,42)
72.4	70.3	[72,75)
63.7	61.2	[63,66)
48.6	52.5	[48,51)
47.3	47.3	[45,48)
28.7	35.1	[27,30)
66.4	76.4	[66,69)
44.4	39.8	[42,45)
51.9	54.8	[51,54)
46.1	50.4	[45,48)
49.2	50.7	[48,51)
45.8	47.2	[45,48)
60.5	61.5	[60,63)
50.5	50	[48,51)
67.7	75	[66,69)
38.5	38	[36,39)
52.1	48	[51,54)
48.8	48.7	[48,51)
23.4	26.5	[21,24)
30	35.2	[30,33)
51.8	59	[51,54)
38.4	46.4	[36,39)
38.9	36.6	[36,39)
49.1	45.6	[48,51)
53.9	51.5	[51,54)
45.8	49.4	[45,48)
67.1	69.2	[66,69)
67.6	68.1	[66,69)
52.5	57.3	[51,54)
47.5	54.8	[45,48)
73.8	73.3	[72,75)
65.8	57.5	[63,66)
77.7	74.7	[75,78)
45.9	45.7	[45,48)
47.9	41.9	[45,48)
73.2	81.6	[72,75)
34.4	33.4	[33,36)
18.4	27.9	[18,21)
44.5	43	[42,45)
68.3	72.7	[66,69)
28.7	28.4	[27,30)
63	71.2	[63,66)
57.7	51	[57,60)
39	39.7	[39,42)
62.6	58.8	[60,63)
36.9	24.9	[36,39)
51.9	55.9	[51,54)
54.1	57.3	[54,57)
59.6	66.6	[57,60)
78.1	73.6	[78,81)
66.2	71.3	[66,69)
81.8	69.6	[81,84)
60.4	62.7	[60,63)
52.8	43.8	[51,54)
70	74.2	[69,72)
29.7	35	[27,30)
43.5	35.8	[42,45)
28	31.1	[27,30)
40.1	40.5	[39,42)
41.7	46.4	[39,42)
70.8	63.1	[69,72)
45.7	51.3	[45,48)
73.3	72	[72,75)
42	53.4	[42,45)
62.1	54.5	[60,63)
42.7	40.9	[42,45)
36	31.2	[36,39)
57.3	47.1	[57,60)
71.8	64.5	[69,72)
60.2	68.1	[60,63)
79.8	68.9	[78,81)
56.6	57.1	[54,57)
38.2	36.1	[36,39)
56.7	51.7	[54,57)
49.1	47.6	[48,51)
58.8	73.1	[57,60)
55.9	58.4	[54,57)
51.1	47.5	[51,54)
68.3	67.1	[66,69)
48.8	61.4	[48,51)
34.5	25.5	[33,36)
79.5	70	[78,81)
59.9	56.2	[57,60)
72.6	72.9	[72,75)
76.3	74.6	[75,78)
46.9	43.4	[45,48)
76	75	[75,78)
37	41.1	[36,39)
41.4	38.3	[39,42)
71.9	65.2	[69,72)
37.7	40	[36,39)
75.1	69.4	[75,78)
63	54.8	[63,66)
66.2	72.5	[66,69)
41	35	[39,42)
71.5	70.9	[69,72)
72.5	72.3	[72,75)
60.1	72.7	[60,63)
35.3	32.8	[33,36)
64.9	64.6	[63,66)
63.1	68.5	[63,66)
42.5	51.4	[42,45)
53.4	47.8	[51,54)
66.1	68.8	[66,69)
45	41	[45,48)
54.8	63.4	[54,57)
42.7	40.6	[42,45)
37.6	42.2	[36,39)
37.5	40.5	[36,39)
54.8	53.5	[54,57)
62.1	55.1	[60,63)
54.5	59.4	[54,57)
41.9	40.1	[39,42)
63.5	55.3	[63,66)
41.2	27.6	[39,42)
38	40.5	[36,39)
47.8	47.2	[45,48)
26.9	22.9	[24,27)
63.9	63.5	[63,66)
30.1	30.5	[30,33)
70.2	66.3	[69,72)
64.8	72.8	[63,66)
37.9	39.7	[36,39)
68.1	69.3	[66,69)
70.7	70.7	[69,72)
50.4	47.9	[48,51)
29.4	29.2	[27,30)
38.9	37.9	[36,39)
55	55.4	[54,57)
70.5	71.7	[69,72)
59.9	58.4	[57,60)
50.5	46.5	[48,51)
24.3	21.8	[24,27)
53.3	55.4	[51,54)
72.6	72	[72,75)
47.7	52	[45,48)
36.7	30.2	[36,39)
40.5	41.2	[39,42)
74.3	75.1	[72,75)
26.9	29.1	[24,27)
59.1	59.9	[57,60)
48.2	49.6	[48,51)
31.9	32.8	[30,33)
45.7	49.3	[45,48)
59.6	47.4	[57,60)
30.8	36.1	[30,33)
32.1	35.1	[30,33)
78.7	70	[78,81)
54.9	57.1	[54,57)
47.1	37.2	[45,48)
67.8	70.8	[66,69)
38.1	30.3	[36,39)
57.2	47.3	[57,60)
33.3	35.1	[33,36)
23.7	28.3	[21,24)
58.3	66.8	[57,60)
54.7	46.2	[54,57)
62	72.1	[60,63)
33.3	36.5	[33,36)
51.6	54.8	[51,54)
45.7	40.6	[45,48)
61.2	67.9	[60,63)
24.8	28.3	[24,27)
46.9	51.9	[45,48)
35.2	36.3	[33,36)
71.4	69.5	[69,72)
62.6	62	[60,63)
65	63.1	[63,66)
47.4	47.7	[45,48)
44.2	43.7	[42,45)
68.7	64.5	[66,69)
26.7	27.5	[24,27)
27.4	33.2	[27,30)
69.5	73.1	[69,72)
57	58.2	[57,60)
52.1	58.2	[51,54)
48.1	53.8	[48,51)
46.7	50.6	[45,48)
25.2	29	[24,27)
39.8	37.7	[39,42)
48.4	49.2	[48,51)
54.3	64	[54,57)
66.8	66.3	[66,69)
48.4	55.7	[48,51)
51.5	48.8	[51,54)
36.7	36.1	[36,39)
39.6	35.5	[39,42)
53.4	50.5	[51,54)
53.8	50.3	[51,54)
59.3	53.2	[57,60)
63	68.8	[63,66)
68.6	69.5	[66,69)
72	69.4	[72,75)
25.9	29.5	[24,27)
33.1	36.4	[33,36)
78.1	68.3	[78,81)
35.2	36.5	[33,36)
35.6	33.4	[33,36)
54.3	64.2	[54,57)
36.5	31.3	[36,39)
59.8	72	[57,60)
42.1	37.2	[42,45)
68.9	72.7	[66,69)
59.8	65.3	[57,60)
54.2	55.1	[54,57)
41	44.3	[39,42)
58	57.1	[57,60)
35	32.7	[33,36)
62	69	[60,63)
72.3	76.8	[72,75)
49.9	45	[48,51)
47	41.5	[45,48)
63.8	68	[63,66)
45.9	43.9	[45,48)
41.6	39.8	[39,42)
63.5	69.6	[63,66)
46.6	49.8	[45,48)
68.4	66.6	[66,69)
63	52.1	[63,66)
30.8	37.2	[30,33)
58	55.7	[57,60)
29.4	32.3	[27,30)
76.1	72.1	[75,78)
67.6	66.1	[66,69)
65.9	68.9	[63,66)
68.8	69.2	[66,69)
62.8	62	[60,63)
41.7	43.5	[39,42)
34.2	31.9	[33,36)
53.1	55.4	[51,54)
52.1	55.1	[51,54)
46.3	41.5	[45,48)
52.8	57.4	[51,54)
67.6	57	[66,69)
63	71.1	[63,66)
60.7	68.1	[60,63)
67.2	74.4	[66,69)
52.4	55.2	[51,54)
26.4	28.8	[24,27)
30.9	34.4	[30,33)
32.5	29.9	[30,33)
66.9	67.8	[66,69)
51.3	47.7	[51,54)
42.8	50.4	[42,45)
33.8	31.8	[33,36)
73.4	69.5	[72,75)
39.6	44.9	[39,42)
71.2	68.4	[69,72)
49.2	46.6	[48,51)
75.3	73.8	[75,78)
53.6	46.5	[51,54)
43	43	[42,45)
55.4	54.6	[54,57)
45.4	51.8	[45,48)
69.7	75.8	[69,72)
52	58.3	[51,54)
67.2	64.6	[66,69)
60	72	[60,63)
42.7	39.4	[42,45)
36	39.1	[36,39)
36.5	43.5	[36,39)
73.8	74.7	[72,75)
39.5	34.7	[39,42)
36.2	45.5	[36,39)
52.2	49	[51,54)
35.3	36.9	[33,36)
54.9	53.4	[54,57)
45.1	47.6	[45,48)
29.3	30.1	[27,30)
67.9	72.1	[66,69)
26.1	41	[24,27)
57	55.3	[57,60)
73.7	80.3	[72,75)
73.5	73.4	[72,75)
69.4	66.5	[69,72)
48.5	47.2	[48,51)
70	63.1	[69,72)
43.7	48.2	[42,45)
63.9	70.7	[63,66)
63.4	64.9	[63,66)
34.6	36.3	[33,36)
69.2	72.4	[69,72)
50	43.4	[48,51)
30.6	29.9	[30,33)
68	76.5	[66,69)
40.9	35	[39,42)
51.8	56.7	[51,54)
62.7	65.6	[60,63)
25.3	26.1	[24,27)
40.1	43.9	[39,42)
51.2	45.6	[51,54)
70.2	66.6	[69,72)
25.2	26.7	[24,27)
59.6	49.6	[57,60)
49.5	51.4	[48,51)
41.2	34.6	[39,42)
63.8	62.6	[63,66)
60.3	55.1	[60,63)
62.8	66.3	[60,63)
52.6	55.8	[51,54)
26.4	31.7	[24,27)
43.9	50.8	[42,45)
24.4	28	[24,27)
46.9	52.7	[45,48)
24.8	29.1	[24,27)
53.9	48.2	[51,54)
39.1	33.7	[39,42)
63.2	69.5	[63,66)
31.3	37	[30,33)
39.4	43.7	[39,42)
25.9	38.3	[24,27)
68.2	66.8	[66,69)
58.8	62.4	[57,60)
35.3	29.2	[33,36)
72.5	75.7	[72,75)
71	72.5	[69,72)
47.2	49.6	[45,48)
69.6	66.9	[69,72)
32.9	38.1	[30,33)
76.1	78.3	[75,78)
48.9	52.1	[48,51)
33	29.6	[33,36)
33.6	31.9	[33,36)
52.3	51.5	[51,54)
56.1	50.8	[54,57)
76.1	68.5	[75,78)
45.5	44.1	[45,48)
46.6	54.4	[45,48)
57.6	49.6	[57,60)
49.2	57.2	[48,51)
74.7	74.6	[72,75)
72	72.7	[72,75)
53	49.7	[51,54)
50	46.2	[48,51)
64.4	66	[63,66)
44.1	45.6	[42,45)
46.3	50	[45,48)
47.2	55.6	[45,48)
26	28.3	[24,27)
51.6	52	[51,54)
30.1	33	[30,33)
60.1	64.3	[60,63)
24.1	30	[24,27)
49.4	49.8	[48,51)
46.2	50.2	[45,48)
43	43.7	[42,45)
38.5	34.2	[36,39)
70.1	64.8	[69,72)
38.9	37.2	[36,39)
35.3	40	[33,36)
31.1	33	[30,33)
50.3	55.5	[48,51)
48.4	44.3	[48,51)
74.6	72.1	[72,75)
40.2	49.4	[39,42)
69.9	74.9	[69,72)
63.1	67.5	[63,66)
31.3	35.5	[30,33)
45.6	38	[45,48)
44.1	52.2	[42,45)
71	70.8	[69,72)
33.6	46.5	[33,36)
31.8	41.5	[30,33)
48.3	50	[48,51)
63.8	70	[63,66)
52.4	46.3	[51,54)
35.6	32.3	[33,36)
70.4	71.8	[69,72)
44	51.9	[42,45)
41.3	37.6	[39,42)
53.4	48.6	[51,54)
21.4	28.6	[21,24)
51.4	46	[51,54)
44.3	40.4	[42,45)
45.7	42.3	[45,48)
68.4	62	[66,69)
26.7	29.7	[24,27)
41.3	44.5	[39,42)
60.3	65.7	[60,63)
79.1	70.6	[78,81)
37.8	37.6	[36,39)
37.5	29.8	[36,39)
44.8	46.4	[42,45)
61.2	63.1	[60,63)
59.6	53.6	[57,60)
55	54.7	[54,57)
71.5	73.6	[69,72)
50.9	49.4	[48,51)
51	46.7	[51,54)
72.5	78.1	[72,75)
56.8	48.7	[54,57)
59.3	49.9	[57,60)
61	55	[60,63)
58.2	63.6	[57,60)
63.4	73.1	[63,66)
44.8	42.1	[42,45)
53	50	[51,54)
43.7	43.4	[42,45)
32.6	34	[30,33)
52.7	54.8	[51,54)
76.3	72.2	[75,78)
55.1	56.5	[54,57)
48.3	46.9	[48,51)
73.6	71.9	[72,75)
78.8	76.6	[78,81)
21.9	27	[21,24)
64.7	67	[63,66)
50.4	52.7	[48,51)
38.5	47.7	[36,39)
62.3	70.2	[60,63)
72.9	73	[72,75)
30.2	31.7	[30,33)
67	71	[66,69)
61.4	71.6	[60,63)
77	75.1	[75,78)
53	51.5	[51,54)
45.3	35	[45,48)
64.2	62	[63,66)
46.2	53.7	[45,48)
61.4	54.3	[60,63)
56.1	64.8	[54,57)
44	42.3	[42,45)
42.7	41.8	[42,45)
63	74.8	[63,66)
63.7	67.9	[63,66)
77.3	78	[75,78)
76.4	71.6	[75,78)
43.6	41.2	[42,45)
59.1	61.7	[57,60)
46.6	37.8	[45,48)
25.8	24.8	[24,27)
29.9	33.6	[27,30)
34.3	31.1	[33,36)
70.2	76	[69,72)
70.4	73.3	[69,72)
65.5	71	[63,66)
76.5	74.5	[75,78)
76	75.3	[75,78)
59.2	50.5	[57,60)
43.2	47.4	[42,45)
54.2	49.2	[54,57)
60.8	68	[60,63)
53.6	61.4	[51,54)
71.7	72.4	[69,72)
28.2	31	[27,30)
63	67	[63,66)
58.7	48.2	[57,60)
74.4	67.7	[72,75)
77.3	72.8	[75,78)
61.9	66.5	[60,63)
41.6	71.1	[39,42)
55.9	58.2	[54,57)
83.5	74.9	[81,84)
35.4	37.1	[33,36)
47	52.5	[45,48)
72.9	74.3	[72,75)
35	38.5	[33,36)
29	25.3	[27,30)
70.4	68.8	[69,72)
45.1	50.8	[45,48)
57.2	52.8	[57,60)
57.2	70.5	[57,60)
70	75	[69,72)
79.4	75.6	[78,81)
67.5	73.4	[66,69)
76	68.7	[75,78)
59.9	62.5	[57,60)
48.9	56.5	[48,51)
47.9	44.2	[45,48)
60	63.4	[60,63)
41.1	35.2	[39,42)
77.6	72.6	[75,78)
28.9	30.7	[27,30)
68.5	73.7	[66,69)
73.3	71.4	[72,75)
42.5	36.1	[42,45)
39.4	37.7	[39,42)
44.2	51.5	[42,45)
56.9	60.7	[54,57)
44.3	45.2	[42,45)
55.7	66	[54,57)
70.3	69	[69,72)
44.6	40.3	[42,45)
75.9	72.6	[75,78)
34	34.2	[33,36)
30.9	35.3	[30,33)
37	38.1	[36,39)
46.2	52.7	[45,48)
67.5	64.2	[66,69)
48.8	52.9	[48,51)
38.9	39	[36,39)
50.2	53.1	[48,51)
36.7	40.8	[36,39)
47.6	42.7	[45,48)
45.7	40.4	[45,48)
70.1	72.6	[69,72)
54.8	50.4	[54,57)
70.3	69.2	[69,72)
22.8	35.4	[21,24)
43.8	38.4	[42,45)
63.6	62.2	[63,66)
64.9	66.4	[63,66)
51.7	48.4	[51,54)
51	54	[51,54)
52.2	57.5	[51,54)
49.6	44.1	[48,51)
47.5	40.1	[45,48)
32.3	37	[30,33)
69.2	73.1	[69,72)
46.9	44	[45,48)
46.7	60.5	[45,48)
46.6	41.2	[45,48)
79.6	77.7	[78,81)
67.2	75.1	[66,69)
66.6	73.4	[66,69)
24.1	27.6	[24,27)
62	64.5	[60,63)
32.7	43.1	[30,33)
56	64.7	[54,57)
49.4	49.1	[48,51)
81.5	73	[81,84)
41.4	35.6	[39,42)
26.7	30.4	[24,27)
32	34.4	[30,33)
51.4	45.7	[51,54)
44.3	39.7	[42,45)
72.4	70.8	[72,75)
51.5	41	[51,54)
57	51.2	[57,60)
57.4	54	[57,60)
43.5	44.2	[42,45)
61.8	65.2	[60,63)
42.5	39.2	[42,45)
38.4	34.5	[36,39)
37.8	30.6	[36,39)
74.8	70.2	[72,75)
52.6	53.9	[51,54)
38.5	41.5	[36,39)
71	71.9	[69,72)
66.1	65.2	[66,69)
45.1	49.4	[45,48)
68	76	[66,69)
54	55.3	[54,57)
66.7	58.9	[66,69)
66	63.9	[66,69)
62.1	71.4	[60,63)
61.2	58.2	[60,63)
44.5	37.7	[42,45)
55.8	55.4	[54,57)
53.4	63	[51,54)
43.3	48.2	[42,45)
52.9	43.8	[51,54)
36.5	46.3	[36,39)
67	62.7	[66,69)
45.9	49.4	[45,48)
77	69.1	[75,78)
53.3	54.4	[51,54)
44.4	41.7	[42,45)
44.1	46.2	[42,45)
43.3	52.9	[42,45)
31.9	33.9	[30,33)
53	59.9	[51,54)
47.1	49.1	[45,48)
54.6	46.2	[54,57)
59.4	52.5	[57,60)
71.2	69.8	[69,72)
48	40.8	[48,51)
46.2	45.6	[45,48)
45.3	40.4	[45,48)
63.4	73.5	[63,66)
71.1	71.8	[69,72)
73.6	72.3	[72,75)
57	61	[57,60)
69.9	64.7	[69,72)
52	56.7	[51,54)
52.1	49.8	[51,54)
70.3	66.3	[69,72)
29.9	31.6	[27,30)
75.9	71.3	[75,78)
64.9	61.5	[63,66)
55.4	54.6	[54,57)
49.4	50.3	[48,51)
49.6	49.8	[48,51)
32.9	30.1	[30,33)
54.2	53.3	[54,57)
54.3	54.1	[54,57)
68.5	59.5	[66,69)
52.4	56.3	[51,54)
68.7	66.5	[66,69)
49.3	52.9	[48,51)
32.6	36.9	[30,33)
72.9	67.6	[72,75)
73.4	78.1	[72,75)
40.1	37.5	[39,42)
63.4	58.5	[63,66)
57.1	51.3	[57,60)
37.9	34.7	[36,39)
58.3	55.9	[57,60)
39.9	49.3	[39,42)
37.8	38.8	[36,39)
61.7	29.5	[60,63)
50.6	69.4	[48,51)
59.8	67.9	[57,60)
67.4	54.9	[66,69)
43.7	47.8	[42,45)
52.2	47.5	[51,54)
58.6	61.7	[57,60)
48.3	41.7	[48,51)
76.2	68.2	[75,78)
56	64.4	[54,57)
33.3	33.4	[33,36)
53.6	52.9	[51,54)
46.7	45.2	[45,48)
69.8	76	[69,72)
26.7	30.8	[24,27)
33.8	37.3	[33,36)
34.7	35.5	[33,36)
60.2	63	[60,63)
50.4	47.4	[48,51)
45.2	40.4	[45,48)
82	80.9	[81,84)
70.4	75.3	[69,72)
66.7	71.8	[66,69)
74.3	75.4	[72,75)
55.1	56.2	[54,57)
63.2	65.8	[63,66)
47.4	47.2	[45,48)
69.6	71.1	[69,72)
73.6	73.3	[72,75)
38.9	39.8	[36,39)
29.7	34.6	[27,30)
34.4	37.2	[33,36)
47.9	49.9	[45,48)
65.3	73.8	[63,66)
38.4	34.7	[36,39)
37.5	39.8	[36,39)
41.7	31.8	[39,42)
49.7	55.7	[48,51)
80.6	71	[78,81)
54.6	57.8	[54,57)
28.9	36	[27,30)
45.8	36.9	[45,48)
64.7	61.7	[63,66)
32	28.8	[30,33)
75	64.9	[75,78)
65.4	67.9	[63,66)
44.1	51.6	[42,45)
68.6	71.7	[66,69)
53.5	50.8	[51,54)
79.9	74.2	[78,81)
37.2	36.9	[36,39)
63.7	54	[63,66)
46.2	59.4	[45,48)
65.9	74.9	[63,66)
37.3	33.1	[36,39)
43	42.8	[42,45)
65	52.1	[63,66)
37.4	37.9	[36,39)
70.4	75.3	[69,72)
57.1	56.8	[57,60)
22.3	32.1	[21,24)
49.3	44.7	[48,51)
43.2	49.2	[42,45)
29.2	28.1	[27,30)
51.3	49.9	[51,54)
51.5	49.3	[51,54)
48.1	45	[48,51)
62.7	64.1	[60,63)
44.3	44.5	[42,45)
67.4	60	[66,69)
34.6	47.1	[33,36)
34.3	33.3	[33,36)
76.8	75.1	[75,78)
77.9	71.7	[75,78)
69.5	67.7	[69,72)
33.3	35.6	[33,36)
68.7	74.9	[66,69)
51.3	47.6	[51,54)
38.2	45.6	[36,39)
52.4	61.9	[51,54)
47.6	63.6	[45,48)
51.4	54.7	[51,54)
36.4	31.8	[36,39)
63.3	57.2	[63,66)
28.7	44.7	[27,30)
32.7	28.8	[30,33)
71.8	75.4	[69,72)
41.6	38	[39,42)
38.9	31.9	[36,39)
46.3	42.9	[45,48)
34.1	33.4	[33,36)
61.9	63.5	[60,63)
28.1	31.1	[27,30)
62.4	67.4	[60,63)
77.1	73.8	[75,78)
70.6	72.1	[69,72)
47	44.7	[45,48)
40.2	47	[39,42)
64.1	67.5	[63,66)
62	54.8	[60,63)
43	42	[42,45)
41	39.1	[39,42)
39.6	32.3	[39,42)
43.8	43.2	[42,45)
65.4	69.3	[63,66)
35.9	32.1	[33,36)
61.9	65	[60,63)
47.4	48.8	[45,48)
24.3	30.5	[24,27)
60.1	61.3	[60,63)
23	30.9	[21,24)
70.9	65.3	[69,72)
62.2	70.3	[60,63)
58.2	60.9	[57,60)
34.9	31.6	[33,36)
52.3	41.4	[51,54)
65.9	65.6	[63,66)
50.3	47.4	[48,51)
63.8	57.3	[63,66)
58.6	57.7	[57,60)
70.9	74.2	[69,72)
69.7	70.9	[69,72)
47.6	48.3	[45,48)
66.8	72.9	[66,69)
61	51.9	[60,63)
73.9	73.9	[72,75)
69.7	74.8	[69,72)
69.7	66.5	[69,72)
48.7	57.9	[48,51)
37.5	38.1	[36,39)
79.5	70	[78,81)
39.2	32.9	[39,42)
67.8	67.7	[66,69)
46.5	40.4	[45,48)
63.5	64.2	[63,66)
36.1	32.7	[36,39)
43.1	45	[42,45)
68	68.9	[66,69)
59.4	57.8	[57,60)
67.2	72	[66,69)
56.2	53.3	[54,57)
66.8	74.5	[66,69)
47.8	51.9	[45,48)
61.6	54.6	[60,63)
39.9	36.9	[39,42)
69.1	64.9	[69,72)
61.1	61.8	[60,63)
71.6	74.8	[69,72)
46.6	43.1	[45,48)
73.4	70.2	[72,75)
58.3	68.2	[57,60)
61.2	62.5	[60,63)
57.4	57.6	[57,60)
46.5	43.6	[45,48)
31.5	30.1	[30,33)
41.1	40	[39,42)
60.2	60.5	[60,63)
70.5	72.8	[69,72)
20.7	23.8	[18,21)
39.5	47.8	[39,42)
53.4	58.8	[51,54)
57.2	53	[57,60)
40.3	40.5	[39,42)
71.5	76.9	[69,72)
41.7	53.8	[39,42)
55.9	50.3	[54,57)
65.8	67.7	[63,66)
75	73.2	[75,78)
51.5	52.9	[51,54)
47.9	46.3	[45,48)
32.2	33.3	[30,33)
57	61.9	[57,60)
58.2	57.7	[57,60)
67	61.7	[66,69)
27.4	27.6	[27,30)
59.4	68.9	[57,60)
49.9	38.8	[48,51)
47.9	47	[45,48)
35.9	35.4	[33,36)
73.4	71.7	[72,75)
33.8	21.4	[33,36)
52.3	41.3	[51,54)
58.7	59.7	[57,60)
48.3	30.5	[48,51)
68.7	69.9	[66,69)
52.7	46.5	[51,54)
38.7	40.1	[36,39)
54.4	52.6	[54,57)
78.7	68.5	[78,81)
67	72.6	[66,69)
41.5	35.5	[39,42)
55.9	52.4	[54,57)
48.7	38.1	[48,51)
63.7	70.9	[63,66)
55.1	62.4	[54,57)
69.7	71.1	[69,72)
70.7	75.3	[69,72)
64.6	61	[63,66)
50.3	48.7	[48,51)
63.4	63.3	[63,66)
35.9	41.4	[33,36)
32.6	32.8	[30,33)
51.7	46.6	[51,54)
70.3	71.5	[69,72)
43	50.1	[42,45)
20.4	29.8	[18,21)
36.3	37.8	[36,39)
31.7	42.8	[30,33)
30	33	[30,33)
72.3	65	[72,75)
77.2	70.8	[75,78)
34.8	32.8	[33,36)
48.5	52.5	[48,51)
66	75.6	[66,69)
30.9	35.5	[30,33)
63.9	66.2	[63,66)
67.5	68.7	[66,69)
53.1	53.8	[51,54)
43.8	42.3	[42,45)
51.3	46.3	[51,54)
40.6	33.2	[39,42)
43.3	45.9	[42,45)
61.6	62.5	[60,63)
53.2	50.8	[51,54)
35.7	38.6	[33,36)
47.6	52.3	[45,48)
26.6	30	[24,27)
67.3	67.8	[66,69)
46.1	46.8	[45,48)
77.4	69.4	[75,78)
56.5	48.7	[54,57)
45	38.1	[45,48)
65.6	67.9	[63,66)
26.5	23	[24,27)
48.1	43.5	[48,51)
52.3	53.2	[51,54)
76.5	66.8	[75,78)
31.7	32.6	[30,33)
57.1	59.1	[57,60)
45.8	46.5	[45,48)
72.3	69.7	[72,75)
43.1	45.2	[42,45)
53.8	40.4	[51,54)
57.4	54.2	[57,60)
47.9	48.8	[45,48)
72.1	69.3	[72,75)
51.4	50.8	[51,54)
24.9	34.1	[24,27)
43.3	49.9	[42,45)
45.1	51.2	[45,48)
52	57.8	[51,54)
51.8	40.8	[51,54)
75.2	70.7	[75,78)
41.8	34.8	[39,42)
55.4	55.9	[54,57)
37.3	41.2	[36,39)
64.4	69.8	[63,66)
50.3	47.8	[48,51)
52.5	53.9	[51,54)
29.6	33	[27,30)
51.7	52.6	[51,54)
53.9	52.6	[51,54)
65.3	73.8	[63,66)
64	65.5	[63,66)
54.8	56.2	[54,57)
69.7	69.4	[69,72)
42.9	41.4	[42,45)
61.3	49.4	[60,63)
59.2	59.2	[57,60)
47.6	42.9	[45,48)
41.2	37.7	[39,42)
62.5	67.8	[60,63)
61.7	64.2	[60,63)
46.7	45.6	[45,48)
42.5	41.5	[42,45)
68.1	69.7	[66,69)
27.1	33.4	[27,30)
69.4	73.5	[69,72)
60.6	49.5	[60,63)
36.2	41.1	[36,39)
35.8	30.8	[33,36)
61.4	68.6	[60,63)
57.3	55.9	[57,60)
25.5	23.2	[24,27)
65.6	66.7	[63,66)
39.2	51.5	[39,42)
47.4	52.8	[45,48)
37.2	35.9	[36,39)
62.4	45.8	[60,63)
66.7	58	[66,69)
42.4	33.2	[42,45)
52.9	50.6	[51,54)
52.8	48.8	[51,54)
78.5	73.1	[78,81)
57.1	45	[57,60)
46.9	50.4	[45,48)
52.8	57.8	[51,54)
31.3	21.9	[30,33)
34	35.5	[33,36)
68.9	68.1	[66,69)
51.3	50.3	[51,54)
45.7	47.4	[45,48)
63	60.2	[63,66)
47.2	43.9	[45,48)
72	71.8	[72,75)
55.9	49.8	[54,57)
31.5	37.1	[30,33)
63.2	71.8	[63,66)
30.4	33.1	[30,33)
31.3	30.6	[30,33)
23.7	29.4	[21,24)
57.7	50.2	[57,60)
46.1	44	[45,48)
69.6	62.6	[69,72)
34.3	40.4	[33,36)
59	56.3	[57,60)
53.4	48.7	[51,54)
68.2	69.4	[66,69)
55.3	57.8	[54,57)
52.9	52.7	[51,54)
41.8	45.6	[39,42)
75.6	71.9	[75,78)
67	72.6	[66,69)
47.1	48.6	[45,48)
23.9	19.5	[21,24)
68.9	72.6	[66,69)
51.3	40.9	[51,54)
48.8	48.5	[48,51)
47	37.7	[45,48)
52	53.7	[51,54)
66.9	68.3	[66,69)
67.5	63.6	[66,69)
51.6	49.4	[51,54)
45.6	42.5	[45,48)
28.6	25.9	[27,30)
73.9	80.5	[72,75)
75.1	73.8	[75,78)
42.3	50.6	[42,45)
51.5	40.6	[51,54)
68.8	72.5	[66,69)
53.8	49.4	[51,54)
72.3	76.5	[72,75)
47.3	45.2	[45,48)
65.7	66.4	[63,66)
72.8	73.6	[72,75)
74.5	72.9	[72,75)
68.8	66.6	[66,69)
73.1	73.7	[72,75)
31.6	37.1	[30,33)
57.7	62.2	[57,60)
44.6	50.5	[42,45)
56.2	52.4	[54,57)
43.7	49.6	[42,45)
33.9	26.1	[33,36)
63.2	68.5	[63,66)
42.3	48	[42,45)
20.6	31.6	[18,21)
44.7	60.3	[42,45)
46.1	50.1	[45,48)
66.7	67.8	[66,69)
53.2	43	[51,54)
75.6	72	[75,78)
49.3	44.6	[48,51)
50.8	53.5	[48,51)
28.3	34.1	[27,30)
26.9	27.9	[24,27)
63.9	64.4	[63,66)
71.3	67.1	[69,72)
45.1	48.8	[45,48)
39.8	50.1	[39,42)
55.5	52.4	[54,57)
59.4	73.7	[57,60)
57.5	62.6	[57,60)
71.3	67.5	[69,72)
29.9	28	[27,30)
63.4	69.3	[63,66)
55.5	53.6	[54,57)
57.5	47.7	[57,60)
55.5	60.4	[54,57)
27.1	27.8	[27,30)
72.6	63.6	[72,75)
49.1	46	[48,51)
36.4	36	[36,39)
63	74.7	[63,66)
52.6	55.9	[51,54)
32.9	39	[30,33)
51.4	54.5	[51,54)
37.6	32.2	[36,39)
76.7	71.3	[75,78)
37.3	45.8	[36,39)
71	76.8	[69,72)
71	73.4	[69,72)
59.8	58.1	[57,60)
29.5	23.8	[27,30)
57.5	59.5	[57,60)
76.2	71.4	[75,78)
74.6	76.1	[72,75)
48.1	39.8	[48,51)
50.2	44	[48,51)
52.2	42.2	[51,54)
60.8	58.9	[60,63)
48.6	47.3	[48,51)
79.5	73.8	[78,81)
43	45.6	[42,45)
42.2	52.2	[42,45)
25	24.8	[24,27)
49.4	44.9	[48,51)
48.4	44.9	[48,51)
28.2	29.2	[27,30)
51.3	52.5	[51,54)
52.2	54	[51,54)
43.5	45.5	[42,45)
24.3	25.2	[24,27)
56.3	59.8	[54,57)
54.4	47	[54,57)
32.9	34.7	[30,33)
43.1	48.6	[42,45)
61	56.5	[60,63)
67.3	67.1	[66,69)
65.3	63.3	[63,66)
49.9	43.1	[48,51)
26.2	38.1	[24,27)
26.2	27.9	[24,27)
32.7	32.5	[30,33)
68.9	66.8	[66,69)
64.6	69.2	[63,66)
48.5	48.5	[48,51)
57.6	55.6	[57,60)
50.6	55	[48,51)
53.2	53.8	[51,54)
70	68.4	[69,72)
73.8	70.5	[72,75)
44	35.9	[42,45)
52.1	47.6	[51,54)
49.9	54.2	[48,51)
33.1	34	[33,36)
34.4	40	[33,36)
52.7	49.9	[51,54)
61.3	61.8	[60,63)
52.7	50.4	[51,54)
28.9	23.4	[27,30)
18.2	25.8	[18,21)
30.1	33.8	[30,33)
43	49.6	[42,45)
42.9	45.3	[42,45)
29.4	33.8	[27,30)
75.6	68.8	[75,78)
46.1	46.9	[45,48)
66.3	64.2	[66,69)
40.9	30.5	[39,42)
55.9	48.2	[54,57)
35.1	35.2	[33,36)
75.2	74.7	[75,78)
31	37.9	[30,33)
35.7	29.3	[33,36)
59	37.7	[57,60)
46	46.6	[45,48)
66.8	70.2	[66,69)
39.1	34.2	[39,42)
54.7	51.9	[54,57)
21.7	25.2	[21,24)
41.2	40	[39,42)
71.8	73.8	[69,72)
38.5	45.4	[36,39)
52.2	50.2	[51,54)
65.6	76.5	[63,66)
30.4	25.1	[30,33)
18.2	18	[18,21)
59.6	57.4	[57,60)
61.8	71.5	[60,63)
28	37.8	[27,30)
39.9	33	[39,42)
58.9	45.6	[57,60)
55.1	57	[54,57)
34.9	37.2	[33,36)
49.1	45.8	[48,51)
48.6	43.8	[48,51)
57.5	50.2	[57,60)
51.4	56.9	[51,54)
49.4	58	[48,51)
82.7	71.4	[81,84)
45	36.2	[45,48)
60.6	53.3	[60,63)
54.8	51.5	[54,57)
69.4	76	[69,72)
52.5	55.6	[51,54)
33.5	35	[33,36)
22.5	30.7	[21,24)
62.9	65.5	[60,63)
46.2	48	[45,48)
60.8	60	[60,63)
70.1	67.3	[69,72)
40.5	36.8	[39,42)
51.9	47.3	[51,54)
45.1	42.1	[45,48)
44.1	46.6	[42,45)
52.8	59	[51,54)
72.9	67.8	[72,75)
39.3	39.9	[39,42)
44.4	39.1	[42,45)
45.3	54.1	[45,48)
70.9	74.1	[69,72)
38.7	38.5	[36,39)
25.9	24.4	[24,27)
51.3	48.2	[51,54)
48	49.4	[48,51)
38.5	34.2	[36,39)
68.1	65	[66,69)
34.2	37.4	[33,36)
41.8	47.3	[39,42)
67.6	69.7	[66,69)
56.4	48.9	[54,57)
45.3	39.8	[45,48)
34.6	31.8	[33,36)
57	52.1	[57,60)
72.5	70.8	[72,75)
40.5	54.1	[39,42)
59	55.4	[57,60)
57.1	61.4	[57,60)
31.8	26.6	[30,33)
59.8	59.6	[57,60)
50.4	50.2	[48,51)
56.4	60.5	[54,57)
48.4	41.3	[48,51)
45	46.3	[45,48)
70.6	68.8	[69,72)
46.6	49	[45,48)
33	27	[33,36)
68.6	63.8	[66,69)
46.7	49.9	[45,48)
72.4	67.1	[72,75)
62.2	59.8	[60,63)
53.6	50.6	[51,54)
57.7	58.6	[57,60)
51.2	44.8	[51,54)
59.9	67.5	[57,60)
47.5	40.5	[45,48)
29.6	31.4	[27,30)
72.3	76.3	[72,75)
58.2	46.7	[57,60)
61.8	74.4	[60,63)
51.2	45.5	[51,54)
65.7	56.9	[63,66)
59.2	64.7	[57,60)
33.6	29.8	[33,36)
44.3	43.8	[42,45)
29.8	27.9	[27,30)
34.5	39.7	[33,36)
63.5	69.8	[63,66)
51.3	54	[51,54)
67.6	71.7	[66,69)
31.2	33.4	[30,33)
70.6	63.1	[69,72)
43.3	50.1	[42,45)
67.4	71.5	[66,69)
68.1	67.5	[66,69)
42.9	48.1	[42,45)
33.4	31.8	[33,36)
73.4	71	[72,75)
65.2	76.2	[63,66)
48.7	49.8	[48,51)
21.6	26.5	[21,24)
32.5	30	[30,33)
67.2	61.2	[66,69)
28.6	25.7	[27,30)
57.6	56	[57,60)
69.7	71.8	[69,72)
44.7	46.4	[42,45)
30.7	38.7	[30,33)
27	32.2	[27,30)
34.4	33.6	[33,36)
73.5	72.4	[72,75)
69.5	69.4	[69,72)
47.1	38.9	[45,48)
34.2	30.7	[33,36)
57.4	61.1	[57,60)
70.9	63.2	[69,72)
43.1	42.9	[42,45)
68.7	72.4	[66,69)
52	48.7	[51,54)
64.2	66.9	[63,66)
52	48.5	[51,54)
60.2	68.2	[60,63)
53.3	46.4	[51,54)
43.7	39.5	[42,45)
29.5	31.9	[27,30)
55.6	56.9	[54,57)
39.2	42.4	[39,42)
66.1	64	[66,69)
38.4	39.4	[36,39)
42.4	49.5	[42,45)
49.9	53	[48,51)
63.8	62.1	[63,66)
45.3	42	[45,48)
21.5	26.2	[21,24)
52.8	54.4	[51,54)
64.5	63.8	[63,66)
53.8	58.8	[51,54)
77.9	74.7	[75,78)
37.3	38.4	[36,39)
59.4	42.8	[57,60)
59.6	64.7	[57,60)
73.8	66.9	[72,75)
57.5	54.4	[57,60)
71.2	70.5	[69,72)
22.2	25.4	[21,24)
42.9	50.2	[42,45)
43.8	43.7	[42,45)
58.6	65.8	[57,60)
58.4	64.5	[57,60)
58.9	57.9	[57,60)
53.6	46.4	[51,54)
41.8	40.3	[39,42)
50.4	49.4	[48,51)
50.3	53.3	[48,51)
50.3	47.6	[48,51)
67.7	73	[66,69)
64.8	71.4	[63,66)
39.6	37.6	[39,42)
52.7	50.4	[51,54)
53.3	57.3	[51,54)
56.1	56.4	[54,57)
68	62.7	[66,69)
31.3	32.9	[30,33)
71.9	66.4	[69,72)
78.2	73	[78,81)
38.8	33.8	[36,39)
79.6	72.5	[78,81)
40.3	50.2	[39,42)
36.2	38.4	[36,39)
50.5	52.2	[48,51)
37.7	37.4	[36,39)
42.7	49.4	[42,45)
67.4	53.2	[66,69)
53.1	56.5	[51,54)
61.6	67.5	[60,63)
67.4	64.4	[66,69)
71	69.7	[69,72)
47.7	47.1	[45,48)
60.2	59	[60,63)
31.7	35.6	[30,33)
32.5	31.7	[30,33)
54.2	50	[54,57)
40.4	40.1	[39,42)
76.4	75.3	[75,78)
64.7	57	[63,66)
45.3	50.7	[45,48)
50.1	49.7	[48,51)
81.5	73.1	[81,84)
73	69.7	[72,75)
55.2	65.7	[54,57)
33.2	34.1	[33,36)
73	72.1	[72,75)
64.5	66.1	[63,66)
75.6	69.2	[75,78)
61.6	67.6	[60,63)
59.2	53.8	[57,60)
34.4	47	[33,36)
49.3	45.8	[48,51)
31.7	31.3	[30,33)
62.6	49.1	[60,63)
72.9	66.8	[72,75)
76.8	66.6	[75,78)
26.9	25.3	[24,27)
49.6	50.5	[48,51)
68.2	74.8	[66,69)
64	72.2	[63,66)
44	38.3	[42,45)
55	55.4	[54,57)
62.8	67.8	[60,63)
67.9	70.4	[66,69)
23.8	31.5	[21,24)
50.3	52.8	[48,51)
65.4	67.9	[63,66)
77.6	71.7	[75,78)
61.1	71.7	[60,63)
38	28.1	[36,39)
27.6	24.4	[27,30)
43.1	43.8	[42,45)
55.8	61.1	[54,57)
64.4	66.8	[63,66)
49.7	53.9	[48,51)
71.9	75	[69,72)
81.9	77.9	[81,84)
71.6	70.1	[69,72)
63.5	71.4	[63,66)
68.5	76	[66,69)
69.6	65.2	[69,72)
35.9	33.2	[33,36)
62.7	63.7	[60,63)
49.3	45.8	[48,51)
61	66.8	[60,63)
43.5	47.8	[42,45)
81.2	70.9	[81,84)
43	42.5	[42,45)
54	51.7	[54,57)
36.2	38.7	[36,39)
64.8	61.8	[63,66)
45.9	51.1	[45,48)
39.3	45.9	[39,42)
73.8	73.2	[72,75)
55.9	48.9	[54,57)
70.5	64.6	[69,72)
72.7	72.3	[72,75)
56.6	57.4	[54,57)
68.7	73.1	[66,69)
34.8	31.9	[33,36)
62.7	57.4	[60,63)
73.3	72.2	[72,75)
42.2	40.5	[42,45)
52	32.8	[51,54)
30.3	34.6	[30,33)
23.8	27.7	[21,24)
39.6	41.4	[39,42)
46.6	47	[45,48)
62.1	69.9	[60,63)
41.2	39.3	[39,42)
27	32.3	[27,30)
56.6	54.2	[54,57)
77.8	76.5	[75,78)
59.6	56.2	[57,60)
41.5	37.1	[39,42)
60.8	64.9	[60,63)
60.7	74.2	[60,63)
46.6	50.3	[45,48)
77.2	72.8	[75,78)
48.2	43.1	[48,51)
50.4	57.3	[48,51)
63.1	56.2	[63,66)
56.2	49.6	[54,57)
52.4	47.9	[51,54)
49.9	53.4	[48,51)
64.5	68	[63,66)
36	40.2	[36,39)
50.6	52.3	[48,51)
72.1	74.3	[72,75)
76.8	69.6	[75,78)
77.4	76.3	[75,78)
53.9	71.9	[51,54)
61.4	66.9	[60,63)
53.9	46.7	[51,54)
38.5	30.7	[36,39)
27.3	23.7	[27,30)
45.9	38.6	[45,48)
33.9	22.2	[33,36)
62.7	61.7	[60,63)
63.4	74.6	[63,66)
49.2	53.9	[48,51)
74.5	77.1	[72,75)
24.7	21.2	[24,27)
33.8	33.9	[33,36)
65	64.6	[63,66)
33.7	38.2	[33,36)
56.4	63.3	[54,57)
66.5	67.5	[66,69)
71.5	71.4	[69,72)
61.1	58.3	[60,63)
65.4	69	[63,66)
37.6	28.8	[36,39)
50	42.9	[48,51)
49	50.8	[48,51)
67.1	78.5	[66,69)
66	62.6	[66,69)
45.4	45.1	[45,48)
35	36.2	[33,36)
77.7	77.2	[75,78)
54.7	68	[54,57)
43.4	42	[42,45)
31.7	33	[30,33)
73.6	72.6	[72,75)
37.8	37.9	[36,39)
38.6	37.5	[36,39)
56.6	66.2	[54,57)
62.7	61.7	[60,63)
40.1	46.4	[39,42)
74.9	71.7	[72,75)
65	66.2	[63,66)
55.7	46.3	[54,57)
78.9	68.5	[78,81)
34.3	31.5	[33,36)
61.4	61.4	[60,63)
55.8	46.7	[54,57)
60.5	66.4	[60,63)
41.5	44.4	[39,42)
69.6	77.4	[69,72)
46.3	44.9	[45,48)
69.9	65.9	[69,72)
70.6	60.1	[69,72)
66.1	65.7	[66,69)
66.2	71.7	[66,69)
38.8	33.8	[36,39)
49.4	49.8	[48,51)
32	38.5	[30,33)
44.4	39.9	[42,45)
31.5	40.1	[30,33)
41.3	42.7	[39,42)
54.2	44.4	[54,57)
45.4	44.4	[45,48)
48.9	52.1	[48,51)
38.1	38	[36,39)
52.9	50.9	[51,54)
34	44.5	[33,36)
24.4	27.1	[24,27)
55	61.8	[54,57)
39.1	29.6	[39,42)
38.5	43.3	[36,39)
55.9	62.7	[54,57)
54.1	61.3	[54,57)
54.4	55.8	[54,57)
41.7	44.4	[39,42)
28.9	23.2	[27,30)
45.4	45.2	[45,48)
42.5	45.4	[42,45)
24.7	30.8	[24,27)
71.1	74.1	[69,72)
65.9	56.3	[63,66)
27.4	37.3	[27,30)
53.2	56.7	[51,54)
42.4	36.2	[42,45)
38.7	29	[36,39)
47.3	53.5	[45,48)
74.2	72.3	[72,75)
63.6	65.4	[63,66)
29.4	38.8	[27,30)
38.8	36.9	[36,39)
70.4	71.5	[69,72)
70.5	72.6	[69,72)
42.1	41.2	[42,45)
70.1	70.7	[69,72)
48.4	48.1	[48,51)
40.2	43.1	[39,42)
31.6	38.1	[30,33)
56.9	51.7	[54,57)
76.6	71.8	[75,78)
36.6	29.9	[36,39)
71.1	69.7	[69,72)
76.4	73.3	[75,78)
64.8	62.5	[63,66)
58.8	62.6	[57,60)
39.6	33.5	[39,42)
37.3	41.2	[36,39)
28.8	20.7	[27,30)
50.6	49.1	[48,51)
38.4	43.1	[36,39)
55.9	60.6	[54,57)
50.9	44	[48,51)
45.9	42.7	[45,48)
57.9	62.4	[57,60)
70.9	64.9	[69,72)
63	63.1	[63,66)
71.2	72.2	[69,72)
65.6	64.4	[63,66)
51	50.1	[51,54)
27.4	27	[27,30)
57.4	57.4	[57,60)
33.8	30.9	[33,36)
49	57.9	[48,51)
70.1	72.2	[69,72)
56.6	59.3	[54,57)
27.2	33.9	[27,30)
61.9	70.2	[60,63)
51.9	40.4	[51,54)
37.4	44.2	[36,39)
34.9	38.4	[33,36)
36.6	41.5	[36,39)
74.2	71.2	[72,75)
70.3	72.4	[69,72)
71.6	73.9	[69,72)
70	68.4	[69,72)
67.8	68.3	[66,69)
51.1	54	[51,54)
49.1	42.3	[48,51)
63.2	52.3	[63,66)
60.7	55.2	[60,63)
49.3	49.4	[48,51)
65.6	71.8	[63,66)
74.9	69	[72,75)
58.8	65.2	[57,60)
47.6	37.5	[45,48)
69.3	67.8	[69,72)
52.4	50	[51,54)
68.4	73.8	[66,69)
29.5	30	[27,30)
44.1	43.9	[42,45)
65.3	69.5	[63,66)
57.1	48	[57,60)
58.3	66.3	[57,60)
61.6	58.9	[60,63)
42.6	33.8	[42,45)
65	60.8	[63,66)
72.7	71.1	[72,75)
61.4	63.6	[60,63)
51.3	43.1	[51,54)
46.8	42.2	[45,48)
40.4	46.4	[39,42)
59.4	64.5	[57,60)
46.5	46.9	[45,48)
65.2	57.6	[63,66)
40.2	43.6	[39,42)
37.7	34.1	[36,39)
59.4	61.7	[57,60)
57	51.8	[57,60)
73.1	70.3	[72,75)
56.3	60.1	[54,57)
74.7	69.8	[72,75)
38.4	37.7	[36,39)
56.5	55.1	[54,57)
46	52.6	[45,48)
63.1	58.2	[63,66)
65.5	70.6	[63,66)
41.1	45.1	[39,42)
50	46.7	[48,51)
33.5	31.8	[33,36)
71.1	71.4	[69,72)
43.2	45.8	[42,45)
76.8	72	[75,78)
48.9	47.8	[48,51)
50.8	55.7	[48,51)
56.5	52.6	[54,57)
61.5	61.3	[60,63)
60.8	65.2	[60,63)
19.9	19.3	[18,21)
35.5	34.1	[33,36)
57	56.6	[57,60)
77.8	73.9	[75,78)
51.1	60.8	[51,54)
65.7	64.5	[63,66)
64.1	64.6	[63,66)
79.8	72.4	[78,81)
41.7	40.2	[39,42)
42.4	35.3	[42,45)
43.2	43.3	[42,45)
40.8	38.4	[39,42)
59.4	62	[57,60)
53.2	51.9	[51,54)
48.2	51.1	[48,51)
32.1	26.6	[30,33)
43.7	45.2	[42,45)
76.5	75.8	[75,78)
52.7	52.6	[51,54)
52.4	52.4	[51,54)
78.4	77.5	[78,81)
63.7	62.4	[63,66)
59	60.2	[57,60)
70.1	75.8	[69,72)
46.6	50.2	[45,48)
39.1	35.9	[39,42)
63.8	63.7	[63,66)
65.2	68.7	[63,66)
64.6	70.7	[63,66)
55.7	58.4	[54,57)
69.7	68.2	[69,72)
40.7	44.6	[39,42)
38.7	36.5	[36,39)
70.6	72.3	[69,72)
42.1	67	[42,45)
64.9	70.5	[63,66)
70.8	75.5	[69,72)
52.8	57.7	[51,54)
43.1	36.4	[42,45)
79.7	80	[78,81)
60	60.7	[60,63)
75	68.2	[75,78)
60.3	64.6	[60,63)
70.1	66.2	[69,72)
30.6	36.9	[30,33)
48.7	50.1	[48,51)
48.1	52.9	[48,51)
49.1	47.9	[48,51)
48.9	52.2	[48,51)
50.3	50.6	[48,51)
55	70.9	[54,57)
40.6	44	[39,42)
67.3	63	[66,69)
44.2	41.5	[42,45)
72.1	71.7	[72,75)
46.7	45.4	[45,48)
33.3	33	[33,36)
46.4	50.3	[45,48)
50.1	49.7	[48,51)
40.5	29.2	[39,42)
61.4	53.1	[60,63)
61.6	63.2	[60,63)
45.4	49.7	[45,48)
74.2	73.4	[72,75)
69.1	71	[69,72)
70.1	70.6	[69,72)
51.3	49.9	[51,54)
31.3	25.7	[30,33)
63.2	62.9	[63,66)
29.6	27.3	[27,30)
38.4	32.3	[36,39)
35.3	31.4	[33,36)
44.7	50.4	[42,45)
58.9	68.1	[57,60)
70.4	71.5	[69,72)
26.9	25.9	[24,27)
46.9	46.6	[45,48)
51.8	54.1	[51,54)
48.4	42.1	[48,51)
35.4	34.6	[33,36)
49.7	49.8	[48,51)
47.5	47.9	[45,48)
57.9	64.8	[57,60)
48.2	55.5	[48,51)
50.8	49.8	[48,51)
75.7	68.2	[75,78)
74.2	66.1	[72,75)
67.7	75	[66,69)
66	70.6	[66,69)
48.7	51.3	[48,51)
33.1	26.5	[33,36)
75.6	75.9	[75,78)
50.4	43.8	[48,51)
50.3	49.4	[48,51)
61.1	66.3	[60,63)
82.7	72.7	[81,84)
50.7	64.4	[48,51)
33.8	31.2	[33,36)
69.5	69.3	[69,72)
51.3	52	[51,54)
31.8	40	[30,33)
56.4	51.9	[54,57)
59.3	46.8	[57,60)
76.6	74.2	[75,78)
70.7	66.4	[69,72)
71.6	71.3	[69,72)
61.2	47	[60,63)
61	63.5	[60,63)
63.7	62.3	[63,66)
53.7	53	[51,54)
38.3	45.4	[36,39)
56.5	64.2	[54,57)
71.7	70.5	[69,72)
63.8	62.5	[63,66)
53.1	57.3	[51,54)
60	67.9	[60,63)
24.1	26.3	[24,27)
40	42.9	[39,42)
53.2	56.6	[51,54)
67.6	61.9	[66,69)
77.1	72.8	[75,78)
37.2	31.1	[36,39)
37.1	39.5	[36,39)
38.1	41	[36,39)
44.5	51.4	[42,45)
59.8	64.7	[57,60)
40.3	51.7	[39,42)
67.2	64	[66,69)
28.7	25.9	[27,30)
45.3	56.2	[45,48)
37.7	32.9	[36,39)
56.2	58.4	[54,57)
48.1	58.8	[48,51)
39.6	45.8	[39,42)
71.6	68.9	[69,72)
32.1	40.1	[30,33)
29.6	31.5	[27,30)
70.4	70.6	[69,72)
42.3	40.7	[42,45)
30.6	34.2	[30,33)
62.9	61.6	[60,63)
32.1	38.3	[30,33)
69.4	71.5	[69,72)
60.9	52.7	[60,63)
57.9	72.2	[57,60)
24.7	27.9	[24,27)
55.5	50.8	[54,57)
36.1	43.3	[36,39)
48.2	46.1	[48,51)
57.7	66.7	[57,60)
36.4	39.8	[36,39)
31.8	34.9	[30,33)
50	44.9	[48,51)
61.6	58	[60,63)
52.8	53.9	[51,54)
78.7	70.8	[78,81)
73	67.4	[72,75)
31.3	44.1	[30,33)
67.1	72	[66,69)
32.5	34.6	[30,33)
71.8	71	[69,72)
60.9	48.5	[60,63)
52.7	41.8	[51,54)
59.2	65.4	[57,60)
18.2	23.8	[18,21)
47.7	52.1	[45,48)
69.3	63.9	[69,72)
62.7	60.4	[60,63)
52.3	59	[51,54)
31.1	33.5	[30,33)
70.6	70.6	[69,72)
38.9	33.6	[36,39)
41.6	45.2	[39,42)
61.7	47.4	[60,63)
64.6	67.4	[63,66)
73.8	77.7	[72,75)
37.5	31.8	[36,39)
67.9	65.4	[66,69)
76.7	72	[75,78)
61.1	67.4	[60,63)
44.2	42.5	[42,45)
57.4	57.8	[57,60)
31	22.2	[30,33)
76.1	73.7	[75,78)
70.3	73.4	[69,72)
53.5	60.8	[51,54)
26.3	29.6	[24,27)
29.9	34.9	[27,30)
36.2	44.8	[36,39)
35.3	33.6	[33,36)
26.6	24.5	[24,27)
58.6	51.4	[57,60)
45	48.5	[45,48)
62.2	64.7	[60,63)
65.1	65.7	[63,66)
45.7	51.4	[45,48)
57.1	56.5	[57,60)
50.5	62.1	[48,51)
43.6	46.4	[42,45)
57.2	56.6	[57,60)
51.3	52.8	[51,54)
36.8	34	[36,39)
52.6	53.2	[51,54)
48.7	46.1	[48,51)
45.6	29.9	[45,48)
46.1	53.1	[45,48)
38.1	38.6	[36,39)
72.5	74.5	[72,75)
35.9	56.5	[33,36)
43.4	41.1	[42,45)
26.2	27.5	[24,27)
72.8	74.1	[72,75)
36.8	35.3	[36,39)
47.1	52.1	[45,48)
31.9	35.1	[30,33)
47.9	45.5	[45,48)
29.2	35.9	[27,30)
48.2	52.2	[48,51)
39.2	50.8	[39,42)
73.2	69.6	[72,75)
66.1	64.2	[66,69)
69.5	67.4	[69,72)
66.8	68.9	[66,69)
37.5	36	[36,39)
62.9	49.3	[60,63)
59.1	70.1	[57,60)
44	46.6	[42,45)
46.5	56.9	[45,48)
49.8	55.6	[48,51)
56.2	53.4	[54,57)
28.8	29.5	[27,30)
68.9	62.3	[66,69)
60.1	57.2	[60,63)
57.7	54.3	[57,60)
73.7	72.5	[72,75)
55.3	52	[54,57)
68.7	65.6	[66,69)
31.5	35.5	[30,33)
58.6	55.7	[57,60)
53.6	49.7	[51,54)
45.5	46.5	[45,48)
58.9	51.4	[57,60)
30.7	30.8	[30,33)
67.6	64.5	[66,69)
46.5	44	[45,48)
70.2	62.6	[69,72)
24.2	31	[24,27)
46.6	55.2	[45,48)
67.6	65.6	[66,69)
23.9	28	[21,24)
51.6	47.1	[51,54)
55.8	55.7	[54,57)
29.4	33.7	[27,30)
44	39	[42,45)
48.5	42.8	[48,51)
70.4	70.8	[69,72)
27.2	28	[27,30)
72	74.9	[72,75)
44.1	50	[42,45)
60.4	61.5	[60,63)
23.3	28.7	[21,24)
76.7	73.3	[75,78)
40	51.1	[39,42)
75.5	68.5	[75,78)
65	65.9	[63,66)
48.7	36.3	[48,51)
67.8	66.4	[66,69)
27.6	30.3	[27,30)
54.8	50.6	[54,57)
52.9	49.9	[51,54)
58.4	51.5	[57,60)
31.9	29.8	[30,33)
49.4	50.4	[48,51)
42.1	36.1	[42,45)
75.6	71.7	[75,78)
75.9	74.2	[75,78)
55.3	50.6	[54,57)
38	38.1	[36,39)
64.5	71.1	[63,66)
53.4	50.2	[51,54)
69.3	68.3	[69,72)
53.4	43.2	[51,54)
39.4	46.9	[39,42)
36	34.7	[36,39)
49.1	50.8	[48,51)
55.3	52.9	[54,57)
57	53.2	[57,60)
54.8	47.8	[54,57)
51.8	63	[51,54)
47.5	51.8	[45,48)
42.6	39.7	[42,45)
68.9	77.7	[66,69)
27.7	38	[27,30)
57.4	51.2	[57,60)
18.2	24.6	[18,21)
23.5	18.2	[21,24)
44.9	49	[42,45)
42.3	40.5	[42,45)
59.8	62.8	[57,60)
66.2	74.8	[66,69)
46.8	41.6	[45,48)
51	56.7	[51,54)
52.8	53.3	[51,54)
42.8	42.1	[42,45)
57.2	42.4	[57,60)
35.1	31.6	[33,36)
64.3	70.9	[63,66)
43.5	48.3	[42,45)
39.4	43.9	[39,42)
44.2	52.2	[42,45)
48	53.9	[48,51)
68.8	73	[66,69)
50.8	46.7	[48,51)
61	53.9	[60,63)
47.1	55.1	[45,48)
65.1	67.5	[63,66)
78.4	77.4	[78,81)
55.7	49.1	[54,57)
47.9	45.2	[45,48)
68.4	73	[66,69)
44.5	49.5	[42,45)
37.8	19.6	[36,39)
67.1	70.1	[66,69)
61.5	60.6	[60,63)
41	46.2	[39,42)
72.3	70.5	[72,75)
53.8	54	[51,54)
39.7	33.3	[39,42)
65.5	68.2	[63,66)
55.2	63.2	[54,57)
49.4	44.8	[48,51)
45.7	46.1	[45,48)
65.6	65.1	[63,66)
66.6	75.4	[66,69)
67.1	75.3	[66,69)
49.5	62.8	[48,51)
66.5	57.2	[66,69)
69.9	76.1	[69,72)
64.1	50.4	[63,66)
70.2	68.5	[69,72)
30	34.9	[30,33)
46.4	50.7	[45,48)
61.8	50.9	[60,63)
56.4	61.4	[54,57)
30.1	38.5	[30,33)
48.1	50.3	[48,51)
50.1	44.9	[48,51)
49.1	52.5	[48,51)
53.8	58	[51,54)
30.4	30.4	[30,33)
26.5	29.8	[24,27)
44.1	41.8	[42,45)
54.9	64.2	[54,57)
25.9	29.1	[24,27)
24.9	28.8	[24,27)
75.6	75.1	[75,78)
42.4	36.6	[42,45)
30.1	34.4	[30,33)
38.9	40.7	[36,39)
60.4	69	[60,63)
70.5	63.6	[69,72)
59.6	59.1	[57,60)
74	72.6	[72,75)
48.7	43.1	[48,51)
49.5	54.1	[48,51)
52.2	47.6	[51,54)
50	52	[48,51)
71.2	73.6	[69,72)
80.2	71.4	[78,81)
54.3	57.2	[54,57)
67.5	47	[66,69)
61.7	59.7	[60,63)
57	52.1	[57,60)
35.2	30.4	[33,36)
76.6	74.3	[75,78)
40.1	51.7	[39,42)
62.4	74.3	[60,63)
62.9	65.6	[60,63)
68.1	71.1	[66,69)
37.3	51.1	[36,39)
26.7	26.1	[24,27)
26.9	24.4	[24,27)
59.7	52.4	[57,60)
66.3	65.6	[66,69)
50.9	56.7	[48,51)
51	51.3	[51,54)
39.2	44	[39,42)
48.7	49.8	[48,51)
61.6	70.6	[60,63)
45.4	53.5	[45,48)
42.8	56.7	[42,45)
44.8	48.9	[42,45)
38.2	40.5	[36,39)
75.7	72.2	[75,78)
29.3	40.3	[27,30)
42.8	42.3	[42,45)
46.4	52.7	[45,48)
62.3	55.3	[60,63)
72.2	61.6	[72,75)
68.9	61.6	[66,69)
18.5	27.3	[18,21)
67.4	68.2	[66,69)
38	50.9	[36,39)
70.3	67.8	[69,72)
69.3	71.9	[69,72)
55	54.6	[54,57)
49.6	49.9	[48,51)
33.6	34.5	[33,36)
42.7	51.6	[42,45)
61.2	51.4	[60,63)
43.1	37.3	[42,45)
55.8	49.7	[54,57)
51	50.6	[51,54)
27.6	28.4	[27,30)
73.9	71.7	[72,75)
55.4	70.2	[54,57)
28.8	27.8	[27,30)
72	70.1	[72,75)
39.5	32.4	[39,42)
71.2	72.4	[69,72)
63.9	68.3	[63,66)
28.5	27.5	[27,30)
37.6	35.5	[36,39)
67.7	71.1	[66,69)
53.7	53.9	[51,54)
49.5	44.3	[48,51)
45.9	31	[45,48)
59.6	73.4	[57,60)
49	44.1	[48,51)
57.4	57.7	[57,60)
50.7	54.4	[48,51)
47.5	43.1	[45,48)
73.4	70.6	[72,75)
34	50.9	[33,36)
45.6	51.6	[45,48)
57	53.7	[57,60)
64.9	63.8	[63,66)
44.7	52.2	[42,45)
29.9	32	[27,30)
39.2	47.3	[39,42)
70	68.2	[69,72)
35.6	34.5	[33,36)
27.7	20.7	[27,30)
47.5	46.9	[45,48)
67.7	68.5	[66,69)
74.6	68.2	[72,75)
45.2	43.4	[45,48)
47.9	38.9	[45,48)
66.8	61.5	[66,69)
44.8	41.7	[42,45)
60.3	67.6	[60,63)
66.4	71.8	[66,69)
46.5	57.2	[45,48)
51.3	66.7	[51,54)
68	72.9	[66,69)
73.1	68.6	[72,75)
24.1	28	[24,27)
26	29.2	[24,27)
44.8	43.8	[42,45)
47.9	58.5	[45,48)
43.6	43.6	[42,45)
77.7	71.6	[75,78)
62.9	54.8	[60,63)
55.3	60.7	[54,57)
69.5	67.8	[69,72)
47	48.5	[45,48)
39.8	36.5	[39,42)
68.6	65.8	[66,69)
75.6	70.5	[75,78)
54.1	55.7	[54,57)
74.4	73	[72,75)
25.8	33.6	[24,27)
53.9	52.2	[51,54)
47.3	58.8	[45,48)
38.8	38.3	[36,39)
24.6	30.6	[24,27)
58.9	68.1	[57,60)
53.5	45.9	[51,54)
36.3	32.4	[36,39)
58.8	61	[57,60)
68.6	68.7	[66,69)
34.7	34.4	[33,36)
44.5	49.4	[42,45)
57.9	58.5	[57,60)
53.6	30.6	[51,54)
45.4	48.5	[45,48)
43.8	42	[42,45)
33	31.5	[33,36)
34.3	36.2	[33,36)
21.5	21.6	[21,24)
46.6	49.4	[45,48)
19.9	21.8	[18,21)
32.4	36.3	[30,33)
38.9	30.6	[36,39)
78.3	74.7	[78,81)
61.8	66.9	[60,63)
49	52.7	[48,51)
51.8	45.1	[51,54)
58.6	58.9	[57,60)
54.7	50.5	[54,57)
21	25.4	[21,24)
48.7	53.8	[48,51)
76.2	67.1	[75,78)
28.4	28.8	[27,30)
71.2	61.2	[69,72)
27.7	25.3	[27,30)
46.5	43.2	[45,48)
69.4	66.8	[69,72)
72.8	70	[72,75)
56	56.1	[54,57)
69.8	71.5	[69,72)
47.9	42.7	[45,48)
79.9	72.9	[78,81)
48.5	49	[48,51)
60.9	68.1	[60,63)
49.2	46.6	[48,51)
48.9	38.9	[48,51)
49.5	46.1	[48,51)
37.7	34.2	[36,39)
47.6	46.1	[45,48)
31.7	38.3	[30,33)
66.9	67.2	[66,69)
21	25.3	[21,24)
57.7	55.9	[57,60)
45.8	47.7	[45,48)
50	40.5	[48,51)
50.9	49.7	[48,51)
65.5	69.8	[63,66)
31.2	29.9	[30,33)
44.8	43.4	[42,45)
69.9	64.1	[69,72)
61.6	68.3	[60,63)
57.8	56.2	[57,60)
61.3	62.5	[60,63)
77.4	65.1	[75,78)
54.1	53.2	[54,57)
66.1	64.1	[66,69)
62.1	72.1	[60,63)
61.9	67.7	[60,63)
66.2	39.6	[66,69)
38.1	41.9	[36,39)
45.3	37.3	[45,48)
40	42	[39,42)
65.6	73.7	[63,66)
54.5	50.9	[54,57)
56.9	51.6	[54,57)
60.6	54.9	[60,63)
34.6	36.1	[33,36)
53.4	50.1	[51,54)
44.6	42.8	[42,45)
77.4	73	[75,78)
66.2	67.1	[66,69)
62.7	60.9	[60,63)
53.2	50.3	[51,54)
57.5	53.7	[57,60)
48.2	44.5	[48,51)
63.6	71.6	[63,66)
39.7	40.5	[39,42)
62.6	56.5	[60,63)
54	58.2	[54,57)
74.5	72.5	[72,75)
42.5	39.3	[42,45)
43	47.4	[42,45)
27.3	32	[27,30)
37.1	34.3	[36,39)
52.9	56.9	[51,54)
74.4	66.5	[72,75)
66.1	68.9	[66,69)
47.4	49.3	[45,48)
33.3	32.7	[33,36)
54.2	64	[54,57)
67.9	72.4	[66,69)
48.5	45.3	[48,51)
79.9	74.1	[78,81)
55.5	68.5	[54,57)
58.4	61.1	[57,60)
70.8	69.8	[69,72)
63.6	67.4	[63,66)
54.1	61.5	[54,57)
46.6	37.5	[45,48)
39.7	39.7	[39,42)
58.3	60.1	[57,60)
58.1	68	[57,60)
32	36.6	[30,33)
55.5	49	[54,57)
48.8	55.3	[48,51)
52.4	54.3	[51,54)
50.7	52.2	[48,51)
57.6	64.9	[57,60)
26.8	29.2	[24,27)
41.9	48.1	[39,42)
43.9	44	[42,45)
39.8	42.8	[39,42)
35	32.9	[33,36)
30.1	32.1	[30,33)
45.6	42.9	[45,48)
54.5	56.9	[54,57)
53.5	55.4	[51,54)
45.1	48.9	[45,48)
41.8	35.8	[39,42)
50.2	48	[48,51)
65.3	68.7	[63,66)
63.7	59.7	[63,66)
37	44.3	[36,39)
41.2	62	[39,42)
58.1	52.7	[57,60)
60.7	52.5	[60,63)
48.7	51.8	[48,51)
70	71.9	[69,72)
34.8	36	[33,36)
56.1	45	[54,57)
33.3	39.2	[33,36)
39.7	44.9	[39,42)
57.2	59.8	[57,60)
61.2	71.8	[60,63)
57.8	66.6	[57,60)
65.3	70	[63,66)
52.1	39.2	[51,54)
49.6	51.4	[48,51)
41.8	40.8	[39,42)
68.8	64.2	[66,69)
63.3	56.8	[63,66)
33.4	31.4	[33,36)
42.7	42.5	[42,45)
71.1	69.6	[69,72)
50.6	51.2	[48,51)
53.3	45.5	[51,54)
65.4	75.1	[63,66)
69.7	70.4	[69,72)
27.2	26.9	[27,30)
71.8	71.2	[69,72)
50.3	43.1	[48,51)
76	75.5	[75,78)
32.1	30.8	[30,33)
42.6	38.3	[42,45)
60.1	57.2	[60,63)
59.6	71	[57,60)
75.2	73.8	[75,78)
67.5	73.5	[66,69)
37.5	33.5	[36,39)
48.7	40.5	[48,51)
69.3	68.6	[69,72)
47.3	42	[45,48)
28.5	35.1	[27,30)
48.2	55	[48,51)
52.8	48.7	[51,54)
49	51.3	[48,51)
31.2	29.8	[30,33)
36.8	35.2	[36,39)
45.4	51.2	[45,48)
83.6	70.9	[81,84)
50.1	47.7	[48,51)
53.9	53	[51,54)
18.2	33.2	[18,21)
52.2	53.8	[51,54)
74.2	65.1	[72,75)
50	45.9	[48,51)
25.8	30.8	[24,27)
45.7	49.6	[45,48)
57.6	58.9	[57,60)
79	75.7	[78,81)
61.9	69.9	[60,63)
25.3	25.8	[24,27)
25.2	25.3	[24,27)
61.5	53.8	[60,63)
49.5	62.8	[48,51)
46.6	47	[45,48)
50.7	57.2	[48,51)
50.1	45.4	[48,51)
75.2	70.4	[75,78)
55.3	54.4	[54,57)
55.4	51.6	[54,57)
51.5	38.3	[51,54)
46.1	52.5	[45,48)
72.5	73.6	[72,75)
39.4	42.6	[39,42)
24.2	31.7	[24,27)
55.8	64.4	[54,57)
40.3	44.9	[39,42)
60.2	53.1	[60,63)
52.3	40.8	[51,54)
58.9	57.1	[57,60)
57.5	58.7	[57,60)
54.9	50	[54,57)
60.2	57.4	[60,63)
64.2	65.8	[63,66)
53.8	41.7	[51,54)
32.2	37.7	[30,33)
70.5	70.7	[69,72)
60.9	60.2	[60,63)
58.1	51.9	[57,60)
63.9	66.9	[63,66)
33.8	35.9	[33,36)
68.5	70.9	[66,69)
62.2	61.9	[60,63)
54.6	52.4	[54,57)
38.1	35.4	[36,39)
58.7	64.7	[57,60)
71	68.5	[69,72)
44.7	40.2	[42,45)
35	32.8	[33,36)
63	70.4	[63,66)
45.5	36.8	[45,48)
74.4	67.5	[72,75)
50.3	40.8	[48,51)
29.1	29.4	[27,30)
66.8	65.4	[66,69)
66.5	72.7	[66,69)
70	74.1	[69,72)
20.1	23.6	[18,21)
78.5	72.1	[78,81)
51.8	54.7	[51,54)
43.3	52	[42,45)
57.8	49.7	[57,60)
33.8	37.2	[33,36)
54.8	41.8	[54,57)
26.4	24.3	[24,27)
52.7	65.2	[51,54)
47.4	42.4	[45,48)
52.8	49.8	[51,54)
69.6	68.2	[69,72)
29.1	26.1	[27,30)
48.8	48	[48,51)
43.4	39.7	[42,45)
35.7	31.3	[33,36)
67.6	63.8	[66,69)
76.7	69.5	[75,78)
43.6	51.9	[42,45)
47.9	48	[45,48)
57.4	53.4	[57,60)
61.2	58.3	[60,63)
65.2	64.1	[63,66)
46.7	52.4	[45,48)
28	35.2	[27,30)
27.9	34.1	[27,30)
65.7	75	[63,66)
63.5	67.9	[63,66)
47.6	43.9	[45,48)
83	72.1	[81,84)
49.9	58.4	[48,51)
37.5	27.9	[36,39)
41.1	33.5	[39,42)
55.2	67.6	[54,57)
52.6	67	[51,54)
32.3	37.7	[30,33)
36.1	28.2	[36,39)
49.7	49.1	[48,51)
63.9	58.8	[63,66)
56.3	62.9	[54,57)
52.9	55.5	[51,54)
50.1	53.6	[48,51)
44.9	47.4	[42,45)
69.5	68.3	[69,72)
59.8	68.2	[57,60)
52.1	54	[51,54)
46.4	39.6	[45,48)
48.9	42.8	[48,51)
35.4	39.6	[33,36)
65.4	70.5	[63,66)
75.3	69.4	[75,78)
70.2	69.1	[69,72)
66.1	70	[66,69)
68.9	77	[66,69)
30.8	32.2	[30,33)
36.9	36	[36,39)
35.4	39.6	[33,36)
45.6	38.9	[45,48)
70.1	73.2	[69,72)
47.5	49	[45,48)
51.5	42.6	[51,54)
42.7	36.8	[42,45)
53.4	50.3	[51,54)
39.2	44.7	[39,42)
57.2	51.1	[57,60)
47.8	45.2	[45,48)
71.1	63.2	[69,72)
32.2	35.2	[30,33)
51.1	42.9	[51,54)
63.7	62	[63,66)
47	48.3	[45,48)
58.6	52.9	[57,60)
61.1	67	[60,63)
50.7	48.4	[48,51)
76.6	71.6	[75,78)
57.4	55.6	[57,60)
72.3	73.1	[72,75)
79	75.5	[78,81)
48.5	48.3	[48,51)
49.4	48.6	[48,51)
35.4	32.2	[33,36)
73.6	72.1	[72,75)
54.7	48.3	[54,57)
42.1	34.5	[42,45)
66.9	65.8	[66,69)
53.9	39.8	[51,54)
26.6	23.9	[24,27)
51.3	58	[51,54)
34.8	31.7	[33,36)
37.9	42.3	[36,39)
77.9	72.8	[75,78)
52.8	59.5	[51,54)
33.2	32.5	[33,36)
52	42.6	[51,54)
57.3	66.3	[57,60)
26.8	34.1	[24,27)
49.4	44.6	[48,51)
21.9	24.4	[21,24)
32.3	27.3	[30,33)
66.2	67.1	[66,69)
59	52.1	[57,60)
56.9	57.8	[54,57)
55.1	59.4	[54,57)
57.8	57.6	[57,60)
64.8	60.2	[63,66)
63.3	69.6	[63,66)
38	34.2	[36,39)
54	54.9	[54,57)
29.9	30.8	[27,30)
55.2	58.8	[54,57)
64.2	74.7	[63,66)
66.9	72.9	[66,69)
70.1	68.4	[69,72)
53.3	45.2	[51,54)
68.5	66.4	[66,69)
66.1	76.6	[66,69)
51.5	47.7	[51,54)
41.6	49.4	[39,42)
63.7	69.6	[63,66)
27.2	37.4	[27,30)
43.8	36.9	[42,45)
65.3	64.1	[63,66)
62	61.2	[60,63)
43.5	48.4	[42,45)
79.1	74.3	[78,81)
72.1	79.7	[72,75)
55.4	51.9	[54,57)
63.8	68.7	[63,66)
36.2	35.5	[36,39)
54.7	55	[54,57)
47.6	47.1	[45,48)
39.2	47.1	[39,42)
69.8	74.5	[69,72)
28	25.4	[27,30)
36	43.8	[36,39)
68.1	76	[66,69)
27.9	29.1	[27,30)
44.6	43	[42,45)
63.1	59.4	[63,66)
19.2	27.8	[18,21)
67.5	71.8	[66,69)
62.2	58.1	[60,63)
50.5	42.5	[48,51)
48.7	48.1	[48,51)
63	64.9	[63,66)
41.2	39.7	[39,42)
66	66.2	[66,69)
34.6	31.8	[33,36)
53.4	50.5	[51,54)
49	51.9	[48,51)
52.3	46.9	[51,54)
70.9	74.3	[69,72)
72.3	71.2	[72,75)
49.7	53.8	[48,51)
71.3	72.7	[69,72)
67.9	71.1	[66,69)
33	33	[33,36)
66.8	64.7	[66,69)
57	51.2	[57,60)
41.7	44	[39,42)
46.4	44.2	[45,48)
44.1	48.1	[42,45)
70.3	70.5	[69,72)
75.2	72	[75,78)
59.5	71.4	[57,60)
58.1	54.1	[57,60)
55.8	53.1	[54,57)
36	33.7	[36,39)
61.2	61.1	[60,63)
76.3	70.7	[75,78)
32.6	33.5	[30,33)
78.2	74.8	[78,81)
39.7	37.6	[39,42)
46.4	59.7	[45,48)
34.9	50.6	[33,36)
77.7	72.3	[75,78)
63.5	57	[63,66)
69.6	69.8	[69,72)
64.6	61.1	[63,66)
43.2	44.3	[42,45)
61.1	62.8	[60,63)
69.4	71.4	[69,72)
52.8	58.3	[51,54)
77.2	76.1	[75,78)
34.6	38.7	[33,36)
67.2	71.3	[66,69)
44.3	44	[42,45)
57.1	65.4	[57,60)
34	31.1	[33,36)
53.6	66.9	[51,54)
53.5	63.6	[51,54)
62.9	68.1	[60,63)
78.9	67.9	[78,81)
22.4	25.1	[21,24)
72.3	70.5	[72,75)
52.9	52.3	[51,54)
78.6	69.7	[78,81)
20.1	27.3	[18,21)
39	44.1	[39,42)
58	54.4	[57,60)
64.2	68.9	[63,66)
66.3	74.2	[66,69)
30.6	41.1	[30,33)
76.5	78.4	[75,78)
73.9	69	[72,75)
52.2	54.1	[51,54)
71.6	76.6	[69,72)
32.6	28.8	[30,33)
37.1	44.7	[36,39)
42.6	28.9	[42,45)
28.9	31.7	[27,30)
52.7	55.2	[51,54)
56.3	54.6	[54,57)
39.1	39.7	[39,42)
50.7	51.7	[48,51)
70	69.9	[69,72)
44.9	48.6	[42,45)
41.8	42.8	[39,42)
32.9	37.1	[30,33)
51.4	43	[51,54)
51.4	53.1	[51,54)
44.2	49.9	[42,45)
26.4	25.8	[24,27)
57.4	49.2	[57,60)
49.6	37.4	[48,51)
66.2	72.3	[66,69)
67.1	69.9	[66,69)
43.3	46.3	[42,45)
36.6	34.5	[36,39)
51.3	49.2	[51,54)
62.7	55.7	[60,63)
37.9	35.9	[36,39)
34.2	34.5	[33,36)
43.2	43.6	[42,45)
63.2	70	[63,66)
35.1	40.2	[33,36)
34.7	38.5	[33,36)
36.1	38.3	[36,39)
46.1	53.2	[45,48)
38.6	38.8	[36,39)
68.9	64.9	[66,69)
59.5	60	[57,60)
55	60.5	[54,57)
44.2	38.6	[42,45)
64.9	66.5	[63,66)
27.3	32.8	[27,30)
53.9	44.8	[51,54)
63.4	68.7	[63,66)
65.1	68.4	[63,66)
42	49.5	[42,45)
45.8	58.7	[45,48)
67.2	71.5	[66,69)
59.3	69	[57,60)
47.2	50.3	[45,48)
55.5	57.4	[54,57)
56.7	49.4	[54,57)
51.9	54.9	[51,54)
27.4	31.9	[27,30)
64.5	65.6	[63,66)
68.8	69.1	[66,69)
50.7	47.5	[48,51)
57.9	50.1	[57,60)
41.8	44	[39,42)
40.1	31.7	[39,42)
53.7	55.1	[51,54)
72.6	68.1	[72,75)
30.3	29.2	[30,33)
46.1	45.8	[45,48)
63.6	65.8	[63,66)
75	71.9	[75,78)
43.3	53.5	[42,45)
44.1	46	[42,45)
49	49.3	[48,51)
54.8	54.3	[54,57)
59.2	58.7	[57,60)
72.1	69.4	[72,75)
34.5	36	[33,36)
